3.60555 7.28011 2 1
4.12311 8.06226 4.47214 3.16228
3.16228 3 3.60555 0.707107
4.24264 3 5.38516 1.41421
2.82843 3.60555 5.83095 -1
3.16228 3.16228 2.82843 6
2.82843 5.83095 3.60555 3
3.16228 4.12311 1 2.82843
2.23607 3.16228 2.23607 1
2.82843 6.08276 3.60555 5
5.38516 9.21954 5.38516 4
6.08276 3.60555 1.41421 4.12311
1.41421 4.47214 3.60555 4
5 2.82843 6 5
6.08276 7.07107 2.23607 5
1.41421 3.16228 2 -0
1 2.82843 3 2
4.12311 0 5.09902 2
3 1 1.41421 2.23607
5.09902 1 2.23607 2.23607
2.82843 3.16228 0 6
3.60555 0 3 4
1 3.16228 5 1
2.82843 4.12311 2.82843 3.16228
5.09902 3 1 1.41421
10.0499 2 7.07107 2
2.23607 1 1 -0
4.47214 7.28011 5 6.32456
5.09902 10.8167 6.7082 5.83095
1 1 1 -0
3.60555 8 5.38516 -1
1.41421 3.60555 2.82843 1
1 5 5.38516 -1.41421
5 9.05539 7.2111 22.2036
2.23607 3.60555 4.47214 8.06226
