4.47214 14 11.1803 3
2.23607 4.12311 4.47214 3.60555
2.23607 2.23607 0 2
7.28011 2 6.40312 -0
5 6.40312 7.07107 -0.707107
2.82843 5.38516 6.40312 3.16228
4.12311 1.41421 3.16228 2.23607
3.60555 6.7082 5 3
2 2.82843 3 2
2.23607 4.12311 4.24264 3.60555
2 1 0 4
3.60555 5.09902 3 5.09902
1.41421 2.82843 1.41421 5.38516
1.41421 4.47214 1.41421 3.60555
2.23607 3.16228 2 5
8.24621 4.12311 8.06226 -2
4.12311 2.82843 1 3
2.23607 5 3 6
3.60555 6.08276 2.23607 3
1 4.47214 2 2.82843
3.16228 2 3 2.23607
1.41421 1.41421 2.23607 2.23607
0 6.08276 5.09902 -2
2 3.16228 2.23607 1
1.41421 2.82843 3.60555 2
1 1.41421 2.82843 2
5.83095 8 1.41421 4.47214
4.12311 6.7082 2.82843 4.94975
3.60555 4.47214 3.16228 3.53553
2.82843 3 0 1
4.12311 2.82843 3.16228 3.16228
3 4.47214 4.24264 1.41421
3 4 8 2
4.12311 11.7047 14.4222 19.2094
4.12311 5 7.61577 7.07107
