2.82843 3.60555 2 2.23607
2.23607 1.41421 3.16228 2
0 3.16228 2.23607 1
2 5.09902 3.16228 1.41421
6.32456 2 4.24264 -1
1.41421 1.41421 1 1
4.12311 2 2.23607 3
4.12311 2.23607 5.38516 2.82843
2.82843 3.16228 2.23607 2
1.41421 4.47214 5.09902 2
2.82843 4.12311 3.16228 1
4.47214 3.60555 1 4
2.23607 3.16228 5 3.16228
2 2.23607 2.23607 4.47214
0 2 2.23607 3
1 1 3.16228 -0
2.82843 2.23607 1 2.82843
3.16228 2.82843 3.60555 3
1.41421 4.47214 5.09902 3.16228
3.60555 4.47214 6 4.94975
2 4.12311 2.23607 4.12311
2 1.41421 2.23607 2
2.23607 3.16228 2.23607 -0
3 5 6 4
4.12311 4.47214 2.23607 3
4.12311 6 4 2.23607
2 3 2.82843 2
4 5 1.41421 2.82843
4.12311 3.60555 2.23607 4.94975
2.23607 2.23607 3.60555 -0
2 4.12311 2.23607 2.82843
1.41421 3.16228 2 2.12132
3.16228 5 2.23607 1.41421
5 6.7082 11.4018 18.0278
2.23607 0 2.23607 5.65685
