5 3.16228 3 3.60555
4.12311 3 5 7
1 3.60555 4.12311 4.47214
4 3.60555 2.23607 4.24264
5.38516 5 0 -0
2.82843 2.82843 6.32456 4
3.16228 7.07107 4.47214 1
5.09902 2.82843 2.23607 -0
4 1.41421 5.09902 2.23607
3.60555 0 2.23607 3
2 4.24264 1.41421 6
4.12311 2.82843 1 7
3.60555 3.16228 3.16228 4.24264
3.16228 2.23607 1.41421 4
5 3.16228 1 3.16228
1.41421 3.16228 2.82843 -1.41421
1.41421 3.60555 2 2
3.60555 2.23607 1 4
1 2 1 4
4.47214 4.24264 2.23607 2.82843
4.12311 3.60555 1 5
4.12311 4 1 1
5.38516 2.23607 2.82843 -2
1 2.82843 2 5
2.23607 1 0 5.83095
4.24264 5.83095 3.16228 4
2.23607 2.23607 1 2.82843
2.82843 2.23607 3.60555 3.16228
2.23607 3.16228 2.23607 4.24264
2.23607 1.41421 3 4.94975
2.23607 1 2 3.16228
3.16228 3.16228 2.23607 3.53553
3.16228 3.60555 8.60233 3
6.40312 3.60555 6.32456 7.28011
3.16228 3.16228 0 6.32456
