3 4 6.08276 3.16228
1.41421 1 0 2.82843
5.09902 3.16228 5.38516 2.12132
2.82843 4.24264 0 4.47214
5.83095 5.38516 2 3
5 1 2.23607 3.16228
4.24264 1.41421 1.41421 5.09902
3 1 2.23607 -0
3.60555 2.23607 5 2.23607
1 6.40312 5 2
5.83095 2.23607 4.47214 4
2 1 1 7
1.41421 2 2 5.38516
2.23607 5.38516 4.47214 5.09902
1 3.60555 2.82843 1
1 1 1.41421 -1
2.23607 3.16228 2 4
2.23607 2.23607 1.41421 4
3.16228 6.08276 5.65685 8.24621
2.23607 3.60555 3.60555 4.24264
2.23607 3.16228 3.16228 3
1 3.16228 2 4.47214
4 5.09902 7.81025 4
2.23607 2.23607 2.82843 4
1 1 1 4.12311
5.65685 8.06226 5.83095 8
2.23607 2 2.23607 2
1.41421 5 3.16228 0.707107
3.16228 2.23607 2.23607 0.707107
3.60555 2.23607 1.41421 2
0 5.65685 2.82843 4.12311
1.41421 1 3.16228 2.12132
1 3.60555 2.82843 2.23607
2.23607 8 4.12311 10.2956
10.6301 2.82843 11.6619 8.24621
