_TITLE1 TOTAL INTER INTRA RESTR VDW
ZINC00590563 -27.839 -21.488 -2.987 0.000 -28.469
ZINC00592441 -24.029 -19.707 -0.911 0.000 -28.449
ZINC00594984 -25.583 -22.860 0.575 0.000 -29.357
ZINC00624649 -32.788 -19.704 -9.691 0.000 -26.189
ZINC00625916 -23.684 -21.736 1.412 0.000 -30.581
ZINC00625974 -20.835 -17.273 -0.202 0.000 -29.788
ZINC00626077 -19.685 -13.963 -2.448 0.000 -27.081
ZINC00626080 -18.745 -17.604 2.124 0.000 -28.509
ZINC00626133 -23.642 -20.628 -1.095 0.000 -26.265
ZINC00626136 -15.936 -13.346 0.813 0.000 -24.861
ZINC00626142 -20.517 -17.535 0.302 0.000 -27.947
ZINC00626144 -20.085 -14.541 -2.169 0.000 -24.054
ZINC00626346 -27.076 -19.633 -4.101 0.000 -29.135
ZINC00627952 -30.134 -22.104 -4.652 0.000 -29.226
ZINC00628060 -19.919 -19.023 2.463 0.000 -28.948
ZINC00628259 -22.142 -15.621 -3.255 0.000 -27.536
ZINC00628689 -27.441 -18.659 -9.107 0.000 -30.969
ZINC00628695 -25.158 -23.298 1.378 0.000 -29.000
ZINC00628769 -28.195 -21.403 -4.800 0.000 -30.163
ZINC00628792 -26.424 -20.034 -3.050 0.000 -30.253
ZINC00629922 -21.628 -19.837 -0.126 0.000 -29.013
ZINC00629927 -23.133 -19.530 -0.289 0.000 -28.008
ZINC00630751 -27.009 -24.560 0.795 0.000 -30.182
ZINC00633094 -24.324 -18.989 -2.035 0.000 -30.588
ZINC00633097 -20.761 -20.678 -0.450 0.061 -26.820
ZINC00634871 -32.405 -18.520 -10.461 0.000 -29.038
ZINC00634874 -41.615 -17.253 -20.995 0.000 -27.512
ZINC00637263 -27.773 -26.031 1.505 0.000 -30.878
ZINC00637847 -22.380 -13.813 -5.171 0.000 -25.750
ZINC00637852 -22.775 -16.424 -2.996 0.000 -25.731
ZINC00645197 -25.566 -20.924 -1.381 0.000 -30.627
ZINC00645607 -28.770 -25.257 -0.256 0.000 -30.241
ZINC00645879 -31.654 -21.691 -6.659 0.000 -31.337
ZINC00648071 -24.626 -15.166 -6.173 0.000 -25.188
ZINC00648269 -26.039 -22.616 -0.135 0.000 -32.151
ZINC00648271 -28.631 -22.808 -2.631 0.000 -28.945
ZINC00648274 -27.173 -24.140 0.257 0.000 -32.866
ZINC00648583 -30.072 -20.747 -5.925 0.000 -30.236
ZINC00648764 -24.351 -20.032 -1.001 0.000 -31.686
ZINC00649330 -25.855 -18.909 -3.592 0.000 -26.766
ZINC00649353 -24.870 -23.232 -2.234 0.000 -32.341
ZINC00649879 -26.377 -23.677 0.683 0.000 -30.094
ZINC00649899 -27.854 -21.546 -3.118 0.000 -28.778
ZINC00650399 -26.805 -22.147 -1.350 0.000 -31.334
ZINC00650476 -29.386 -21.073 -4.997 0.000 -30.683
ZINC00650615 -26.287 -24.288 -2.316 0.000 -29.814
ZINC00650744 -28.471 -20.119 -5.142 0.000 -30.657
ZINC00650770 -26.059 -19.381 -3.421 0.009 -29.277
ZINC00650815 -25.458 -23.518 1.318 0.000 -29.006
ZINC00650893 -27.840 -17.449 -10.698 0.000 -25.536
ZINC00650916 -32.594 -26.070 -3.169 0.000 -28.975
ZINC00653467 -19.443 -14.602 -1.554 0.000 -20.729
ZINC00653468 -19.758 -17.305 0.680 0.021 -27.933
ZINC00653470 -30.008 -22.909 -3.810 0.000 -31.151
ZINC00654677 -30.913 -27.208 -0.515 0.000 -27.881
ZINC00654679 -25.121 -21.737 -0.051 0.000 -26.573
ZINC00654693 -22.256 -21.185 2.025 0.038 -26.686
ZINC00656564 -29.712 -25.099 -1.353 0.000 -32.207
ZINC00658274 -22.214 -21.623 2.753 0.000 -27.428
ZINC00661092 -26.833 -17.965 -5.608 0.000 -25.290
ZINC00661095 -24.565 -20.051 -1.202 0.000 -28.981
ZINC00665960 -23.134 -21.972 2.042 0.000 -28.358
ZINC00665970 -29.599 -25.735 -0.574 0.000 -28.781
ZINC00666021 -25.127 -24.685 2.765 0.000 -30.743
ZINC00667976 -25.968 -23.236 0.578 0.000 -28.862
ZINC00667978 -25.713 -20.857 -1.561 0.000 -27.420
ZINC00667980 -22.844 -16.549 -3.003 0.000 -26.353
ZINC00667981 -24.433 -23.832 2.210 0.000 -27.430
ZINC00670370 -25.258 -22.004 -0.107 0.000 -27.038
ZINC00670899 -25.407 -23.737 1.583 0.003 -27.692
ZINC00671476 -24.286 -20.737 -0.259 0.000 -28.288
ZINC00673266 -27.047 -20.881 -2.740 0.000 -28.818
ZINC00674038 -21.380 -19.241 1.094 0.000 -26.277
ZINC00674756 -26.430 -23.332 0.224 0.000 -26.342
ZINC00676660 -20.277 -17.010 -0.041 0.000 -26.567
ZINC00676709 -29.494 -26.467 0.268 0.000 -28.216
ZINC00676747 -23.655 -18.985 -1.305 0.000 -24.564
ZINC00678045 -25.587 -24.041 1.726 0.000 -28.866
ZINC00678263 -23.518 -21.099 0.820 0.000 -28.478
ZINC00678568 -22.079 -14.964 -3.828 0.000 -24.428
ZINC00679997 -27.865 -23.946 -0.741 0.000 -29.483
ZINC00680046 -29.180 -28.513 2.637 0.000 -32.047
ZINC00680501 -30.260 -18.263 -8.684 0.000 -28.875
ZINC00682609 -23.961 -23.513 2.849 0.000 -35.681
ZINC00687389 -26.277 -26.469 3.393 0.000 -30.076
ZINC00688216 -25.274 -20.796 -1.233 0.000 -29.341
ZINC00689145 -30.249 -28.983 2.040 0.000 -34.066
ZINC00691750 -27.854 -24.603 0.058 0.000 -32.269
ZINC00691756 -28.736 -23.119 -2.384 0.000 -30.813
ZINC00692012 -26.401 -20.715 -2.455 0.000 -29.413
ZINC00692107 -26.073 -19.983 -2.711 0.000 -28.192
ZINC00694048 -29.826 -20.301 -6.272 0.000 -30.021
ZINC00694052 -33.358 -24.501 -5.439 0.000 -28.550
ZINC00695244 -25.810 -20.633 -1.840 0.009 -29.245
ZINC00695432 -28.646 -25.878 0.574 0.000 -32.757
ZINC00695436 -24.919 -22.586 -2.901 0.000 -28.776
ZINC00695438 -19.936 -20.044 3.370 0.000 -31.180
ZINC00695508 -29.003 -26.322 0.523 0.000 -31.797
ZINC00695509 -27.279 -27.017 -0.669 0.000 -27.395
ZINC00695548 -27.044 -22.052 -1.729 0.000 -28.634
ZINC00695571 -27.626 -22.216 -2.275 0.000 -29.834
ZINC00695572 -23.710 -20.944 0.578 0.000 -26.332
ZINC00695573 -26.825 -24.338 -0.520 0.000 -31.474
ZINC00695574 -25.780 -21.228 -1.167 0.000 -27.163
ZINC00695608 -29.174 -29.170 3.357 0.000 -32.214
ZINC00695609 -24.737 -20.150 -1.188 0.000 -30.895
ZINC00695762 -26.941 -23.146 -0.415 0.000 -27.947
ZINC00695763 -26.877 -26.231 2.648 0.000 -30.185
ZINC00695768 -27.262 -23.253 -0.638 0.000 -30.198
ZINC00698546 -27.166 -19.113 -4.748 0.000 -31.003
ZINC00698547 -24.048 -19.080 -1.786 0.000 -24.719
ZINC00702624 -28.542 -25.905 0.712 0.000 -33.488
ZINC00703647 -24.247 -20.891 -0.070 0.000 -31.893
ZINC00704218 -27.980 -22.270 -2.404 0.000 -32.030
ZINC00706294 -23.910 -21.531 -0.412 0.000 -30.675
ZINC00718343 -26.469 -26.633 3.431 0.000 -27.979
ZINC00718344 -31.990 -31.205 1.163 0.000 -31.017
ZINC00718867 -28.145 -24.474 -1.707 0.000 -31.133
ZINC00719219 -28.040 -21.110 -3.530 0.000 -29.198
ZINC00722294 -24.566 -17.333 -3.964 0.000 -25.641
ZINC00722295 -28.262 -21.726 -3.131 0.000 -30.265
ZINC00725610 -19.307 -16.475 0.334 0.000 -23.773
ZINC00725612 -18.998 -20.763 4.954 0.000 -27.463
ZINC00725787 -28.373 -23.144 -1.868 0.000 -27.248
ZINC00725788 -26.274 -21.202 -1.747 0.000 -27.947
ZINC00731328 -27.224 -25.154 1.209 0.000 -32.553
ZINC00731330 -25.227 -20.351 -1.459 0.000 -25.814
ZINC00735578 -25.583 -19.741 -3.855 0.000 -27.854
ZINC00735580 -25.047 -24.349 2.604 0.000 -31.099
ZINC00736654 -25.668 -23.867 1.538 0.000 -31.727
ZINC00736655 -27.735 -23.985 -0.597 0.000 -30.683
ZINC00736661 -23.631 -19.082 -1.214 0.000 -27.422
ZINC00736663 -23.078 -22.117 2.251 0.000 -31.668
ZINC00736835 -28.204 -24.676 -0.165 0.000 -31.382
ZINC00738966 -35.774 -23.931 -8.460 0.000 -29.921
ZINC00743744 -34.094 -18.047 -12.796 0.000 -29.331
ZINC00743961 -20.587 -18.030 0.730 0.000 -27.458
ZINC00746858 -24.833 -18.413 -3.136 0.000 -28.410
ZINC00747802 -29.135 -27.490 1.578 0.000 -32.319
ZINC00747803 -25.996 -23.726 0.940 0.000 -29.163
ZINC00747813 -24.759 -17.071 -4.407 0.000 -26.739
ZINC00752171 -25.894 -25.880 1.816 0.000 -32.738
ZINC00756296 -21.245 -16.945 -1.018 0.000 -26.034
ZINC00760093 -21.369 -20.238 2.231 0.000 -29.217
ZINC00762246 -25.135 -21.123 -0.604 0.000 -29.736
ZINC00762422 -25.299 -23.188 1.092 0.000 -22.941
ZINC00764069 -28.025 -22.919 -1.903 0.000 -27.314
ZINC00764216 -26.642 -25.040 1.789 0.000 -33.256
ZINC00764228 -28.479 -19.469 -5.635 0.000 -26.089
ZINC00764465 -26.156 -26.527 2.279 0.000 -30.566
ZINC00764466 -23.233 -24.405 4.436 0.000 -28.963
ZINC00764511 -25.910 -23.740 0.851 0.000 -32.195
ZINC00764536 -23.917 -26.401 5.741 0.000 -28.859
ZINC00764858 -26.429 -23.198 0.055 0.000 -26.232
ZINC00774052 -33.222 -26.024 -3.928 0.000 -29.499
ZINC00774079 -24.670 -15.945 -5.491 0.000 -25.616
ZINC00774090 -29.682 -20.318 -6.067 0.000 -25.921
ZINC00776376 -27.090 -20.779 -3.005 0.000 -28.485
ZINC00776388 -24.462 -18.781 -2.424 0.000 -30.438
ZINC00776392 -28.152 -20.354 -4.453 0.000 -28.201
ZINC00776402 -24.504 -17.201 -3.934 0.000 -29.767
ZINC00776406 -23.906 -17.577 -3.022 0.000 -31.871
ZINC00776409 -21.773 -17.067 -1.348 0.000 -27.032
ZINC00776421 -24.291 -17.069 -3.881 0.000 -31.523
ZINC00776425 -25.391 -14.771 -7.476 0.000 -26.822
ZINC00776429 -22.893 -15.998 -3.515 0.000 -25.917
ZINC00776443 -24.273 -16.642 -4.274 0.006 -25.591
ZINC00776446 -28.224 -21.221 -3.671 0.000 -29.436
ZINC00776475 -24.971 -19.961 -1.638 0.000 -28.333
ZINC00776479 -28.498 -16.358 -8.745 0.000 -27.469
ZINC00776481 -30.675 -23.654 -3.848 0.000 -30.711
ZINC00786275 -22.375 -16.027 -3.015 0.000 -28.566
ZINC00786743 -18.493 -17.543 2.283 0.000 -27.359
ZINC00786927 -26.176 -25.541 2.115 0.000 -29.442
ZINC00787688 -26.299 -24.470 1.537 0.000 -33.596
ZINC00799076 -26.984 -22.785 -0.881 0.007 -29.044
ZINC00799978 -28.414 -21.159 -3.890 0.000 -25.303
ZINC00800237 -26.358 -17.259 -5.851 0.000 -28.543
ZINC00809212 -25.168 -20.853 -1.001 0.000 -29.356
ZINC00812995 -26.497 -21.220 -2.049 0.000 -27.239
ZINC00826906 -27.876 -24.558 0.062 0.000 -31.964
ZINC00830719 -23.732 -20.048 -0.317 0.000 -29.366
ZINC00831060 -17.110 -17.109 3.237 0.000 -24.776
ZINC00843834 -26.404 -22.581 -0.500 0.000 -28.697
ZINC00843836 -23.554 -20.482 0.154 0.000 -29.960
ZINC00844045 -23.068 -20.206 0.049 0.000 -30.591
ZINC00846625 -23.576 -19.450 -0.931 0.000 -29.133
ZINC00846684 -24.898 -21.788 0.242 0.000 -29.032
ZINC00849513 -28.052 -21.303 -3.352 0.000 -28.040
ZINC00849514 -25.545 -18.776 -3.428 0.000 -29.032
ZINC00849515 -26.555 -17.698 -5.459 0.000 -26.074
ZINC00849516 -25.383 -18.271 -3.688 0.003 -26.651
ZINC00850069 -23.873 -21.465 0.748 0.000 -28.425
ZINC00850070 -26.562 -22.513 -0.794 0.000 -28.852
ZINC00851469 -28.298 -20.950 -4.042 0.000 -30.058
ZINC00853141 -23.741 -20.023 -0.337 0.003 -28.719
ZINC00856433 -23.626 -25.385 1.384 0.000 -34.174
ZINC00860105 -28.218 -24.672 -0.294 0.000 -33.562
ZINC00863810 -27.484 -23.690 -0.457 0.000 -29.745
ZINC00863811 -28.603 -23.996 -1.287 0.000 -32.093
ZINC00863861 -29.208 -27.347 1.409 0.000 -32.948
ZINC00863862 -29.366 -25.626 -0.442 0.000 -32.333
ZINC00863883 -27.468 -20.574 -4.923 0.000 -31.296
ZINC00863884 -27.105 -25.702 1.897 0.000 -32.870
ZINC00864982 -25.505 -21.898 -0.246 0.000 -28.063
ZINC00865555 -24.163 -22.299 1.401 0.000 -27.388
ZINC00865556 -20.019 -18.703 2.006 0.000 -23.973
ZINC00865558 -18.794 -16.763 1.104 0.000 -22.593
ZINC00868821 -26.974 -24.533 0.677 0.000 -31.974
ZINC00868996 -26.117 -23.325 0.121 0.000 -32.039
ZINC00868997 -32.283 -24.832 -4.173 0.000 -32.623
ZINC00870504 -24.297 -18.971 -2.065 0.000 -26.728
ZINC00873253 -27.814 -20.126 -4.374 0.000 -30.167
ZINC00874425 -27.558 -20.877 -3.893 0.000 -29.201
ZINC00875411 -24.524 -21.662 -0.261 0.000 -27.126
ZINC00877699 -27.664 -15.646 -8.776 0.000 -26.978
ZINC00877701 -27.358 -17.155 -6.813 0.000 -30.409
ZINC00877703 -23.509 -18.930 -1.183 0.000 -29.562
ZINC00877796 -25.412 -23.046 1.006 0.020 -32.087
ZINC00879345 -26.038 -22.377 -0.560 0.000 -31.188
ZINC00881429 -26.872 -18.211 -5.436 0.000 -27.917
ZINC00881713 -28.755 -22.111 -3.293 0.000 -31.454
ZINC00881717 -28.334 -18.055 -6.933 0.000 -29.560
ZINC00881719 -28.668 -20.839 -4.570 0.000 -28.359
ZINC00881729 -28.841 -20.487 -6.365 0.000 -28.900
ZINC00882544 -25.363 -19.248 -2.984 0.000 -28.133
ZINC00887834 -26.067 -22.601 -0.160 0.000 -33.885
ZINC00887873 -25.796 -17.560 -4.839 0.000 -29.441
ZINC00888853 -29.145 -23.731 -2.169 0.000 -28.299
ZINC00890200 -25.541 -25.459 3.186 0.000 -28.405
ZINC00898713 -25.703 -26.107 3.752 0.000 -28.908
ZINC00898720 -27.198 -26.027 2.072 0.000 -29.313
ZINC00898728 -26.805 -26.375 2.957 0.000 -29.563
ZINC00898735 -22.318 -18.450 -0.639 0.000 -29.304
ZINC00899506 -23.591 -19.573 -2.107 0.000 -28.118
ZINC00905104 -25.558 -22.524 0.157 0.017 -27.528
ZINC00905637 -25.665 -19.787 -2.555 0.000 -29.672
ZINC00905769 -30.007 -25.424 -1.299 0.000 -30.036
ZINC00906268 -28.464 -24.944 -0.182 0.000 -31.672
ZINC00906270 -27.659 -27.985 -0.090 0.000 -32.022
ZINC00906273 -28.402 -20.862 -4.317 0.000 -29.049
ZINC00906274 -28.998 -24.348 -1.294 0.000 -31.906
ZINC00906745 -25.870 -21.331 -1.187 0.000 -32.211
ZINC00907192 -25.512 -19.733 -2.360 0.000 -27.714
ZINC00907204 -27.595 -17.287 -7.075 0.000 -28.283
ZINC00907222 -30.166 -18.582 -8.180 0.000 -27.903
ZINC00907372 -27.366 -24.145 0.197 0.000 -28.436
ZINC00907376 -27.167 -19.879 -3.954 0.000 -28.924
ZINC00907706 -28.099 -18.130 -6.701 0.000 -30.535
ZINC00908237 -26.422 -16.097 -7.117 0.000 -28.715
ZINC00911889 -21.411 -23.764 5.588 0.000 -26.351
ZINC00912438 -25.344 -17.807 -4.257 0.000 -26.103
ZINC00913669 -24.260 -18.594 -2.455 0.000 -28.870
ZINC00914250 -25.977 -22.085 -0.804 0.000 -31.370
ZINC00915795 -23.460 -23.045 -0.716 0.000 -30.184
ZINC00915898 -28.583 -19.777 -9.104 0.000 -26.979
ZINC00916152 -21.604 -22.854 4.177 0.000 -30.108
ZINC00918434 -27.111 -20.468 -3.520 0.000 -27.704
ZINC00918463 -25.522 -20.316 -5.556 0.000 -30.337
ZINC00918635 -24.685 -21.593 0.170 0.000 -27.926
ZINC00918646 -22.228 -20.505 1.424 0.000 -28.366
ZINC00918649 -26.028 -20.587 -2.235 0.000 -27.910
ZINC00918652 -25.098 -20.046 -1.753 0.000 -29.388
ZINC00918893 -30.361 -26.644 -0.328 0.000 -31.441
ZINC00919135 -20.726 -18.720 1.276 0.000 -26.949
ZINC00923589 -25.370 -20.455 -1.673 0.000 -28.143
ZINC00923594 -26.274 -23.042 0.163 0.000 -26.193
ZINC00924626 -29.976 -20.801 -5.753 0.000 -32.536
ZINC00924631 -27.648 -21.070 -3.229 0.000 -28.411
ZINC00925239 -27.482 -23.506 -4.360 0.000 -32.861
ZINC00925245 -26.738 -17.724 -5.775 0.000 -26.786
ZINC00925362 -27.287 -21.777 -2.315 0.000 -27.613
ZINC00925364 -29.225 -18.570 -7.342 0.000 -29.543
ZINC00925375 -27.744 -19.842 -4.650 0.033 -27.662
ZINC00925392 -29.721 -19.437 -6.867 0.000 -27.005
ZINC00925394 -27.285 -18.672 -5.345 0.000 -25.796
ZINC00925395 -25.421 -16.142 -6.021 0.000 -30.434
ZINC00925404 -24.390 -19.348 -1.686 0.000 -28.474
ZINC00925406 -21.511 -21.930 3.628 0.000 -28.006
ZINC00925407 -27.181 -20.381 -3.549 0.000 -26.485
ZINC00925443 -26.875 -20.405 -3.228 0.000 -27.406
ZINC00925444 -26.200 -19.684 -3.235 0.000 -25.815
ZINC00928714 -30.159 -22.335 -5.859 0.000 -30.401
ZINC00928796 -27.269 -19.432 -8.254 0.000 -27.758
ZINC00928798 -31.437 -24.626 -3.389 0.000 -32.401
ZINC00928813 -28.374 -19.725 -5.251 0.000 -30.504
ZINC00928830 -27.950 -20.643 -4.067 0.000 -30.334
ZINC00928846 -26.799 -17.579 -5.884 0.000 -27.172
ZINC00929027 -26.824 -23.931 0.040 0.000 -28.708
ZINC00929234 -25.378 -23.494 1.038 0.000 -30.493
ZINC00929235 -28.366 -20.908 -4.135 0.000 -26.611
ZINC00929358 -24.259 -19.813 -1.184 0.000 -27.191
ZINC00929384 -27.228 -20.355 -3.484 0.000 -27.828
ZINC00929955 -26.577 -23.458 0.229 0.000 -28.266
ZINC00929957 -27.045 -22.185 -1.574 0.000 -30.518
ZINC00930465 -22.508 -18.539 -0.614 0.000 -23.832
ZINC00930466 -24.922 -20.663 -0.937 0.000 -28.404
ZINC00930564 -25.117 -19.745 -2.098 0.000 -29.618
ZINC00930583 -29.555 -19.348 -8.265 0.000 -28.049
ZINC00932940 -29.119 -28.359 2.119 0.000 -32.742
ZINC00933050 -31.200 -26.556 -1.586 0.000 -34.483
ZINC00933324 -23.934 -24.962 4.161 0.000 -29.749
ZINC00933464 -22.282 -13.935 -5.026 0.000 -25.450
ZINC00933943 -25.991 -20.827 -1.825 0.000 -30.226
ZINC00933999 -24.977 -26.017 4.331 0.000 -32.743
ZINC00934003 -25.308 -22.448 0.408 0.000 -30.551
ZINC00934006 -27.425 -25.748 1.699 0.000 -34.687
ZINC00934007 -30.686 -32.476 4.856 0.000 -33.045
ZINC00934021 -31.583 -27.298 -1.127 0.000 -32.598
ZINC00934023 -28.029 -26.962 2.324 0.000 -33.839
ZINC00935686 -24.589 -21.432 0.176 0.000 -33.977
ZINC00937492 -24.598 -26.175 0.299 0.000 -32.536
ZINC00938628 -24.698 -19.108 -2.239 0.000 -27.489
ZINC00938868 -28.639 -25.492 -0.252 0.000 -29.867
ZINC00942851 -21.837 -20.680 2.239 0.000 -26.790
ZINC00943705 -23.904 -21.409 0.700 0.000 -26.574
ZINC00944190 -26.110 -22.843 0.086 0.000 -27.864
ZINC00958045 -26.377 -23.201 0.163 0.000 -30.984
ZINC00961021 -23.808 -16.045 -4.498 0.000 -23.679
ZINC00961460 -25.882 -19.321 -3.649 0.000 -27.526
ZINC00962181 -22.890 -19.460 -0.195 0.000 -32.052
ZINC00965176 -28.400 -24.337 -1.092 0.000 -33.629
ZINC00973709 -25.733 -22.291 -0.021 0.000 -27.204
ZINC00983580 -26.288 -24.214 1.167 0.000 -30.794
ZINC00983584 -27.553 -23.961 -0.197 0.000 -29.762
ZINC00985545 -32.127 -29.956 1.059 0.000 -32.666
ZINC00989366 -27.250 -19.248 -4.817 0.000 -29.120
ZINC00989405 -18.212 -17.029 1.850 0.000 -27.911
ZINC00989406 -21.617 -16.361 -1.994 0.000 -24.367
ZINC00995045 -26.957 -22.049 -1.547 0.000 -31.268
ZINC00995063 -28.596 -18.736 -6.575 0.000 -30.782
ZINC00995213 -38.702 -20.496 -14.955 0.000 -30.229
ZINC00996448 -28.121 -18.905 -6.014 0.000 -26.241
ZINC00998567 -24.388 -22.076 0.935 0.000 -30.670
ZINC00998596 -24.082 -20.989 -0.017 0.000 -28.629
ZINC01001407 -24.947 -22.023 0.375 0.000 -29.160
ZINC01013950 -18.549 -17.378 2.234 0.000 -25.145
ZINC01020873 -29.183 -25.342 -0.549 0.000 -30.482
ZINC01022771 -24.409 -23.551 1.047 0.000 -31.877
ZINC01040007 -26.122 -26.419 3.313 0.000 -30.614
ZINC01040937 -21.948 -18.632 0.032 0.000 -27.834
ZINC01040942 -22.386 -18.754 -0.280 0.000 -26.965
ZINC01049819 -27.347 -16.875 -7.082 0.000 -27.684
ZINC01054057 -24.797 -17.707 -3.746 0.000 -24.721
ZINC01054059 -24.665 -23.404 2.020 0.000 -29.712
ZINC01057945 -24.959 -21.271 -0.443 0.000 -26.976
ZINC01057971 -31.224 -22.979 -5.087 0.000 -29.651
ZINC01058141 -27.030 -22.409 -1.239 0.000 -30.215
ZINC01058143 -25.755 -24.239 1.765 0.000 -30.055
ZINC01058145 -26.529 -24.224 1.103 0.000 -31.136
ZINC01058148 -22.979 -25.521 5.936 0.000 -29.506
ZINC01059336 -25.206 -23.525 1.551 0.000 -26.854
ZINC01063031 -22.999 -21.578 1.672 0.000 -31.552
ZINC01064791 -27.756 -20.638 -3.722 0.000 -31.726
ZINC01070295 -18.363 -16.069 0.977 0.000 -23.692
ZINC01071242 -24.830 -21.647 0.204 0.000 -29.176
ZINC01073446 -28.160 -24.916 -0.028 0.000 -30.157
ZINC01075715 -28.486 -21.682 -3.518 0.000 -28.123
ZINC01077958 -26.855 -22.144 -1.459 0.000 -26.921
ZINC01079564 -24.140 -20.070 -0.825 0.000 -27.137
ZINC01084120 -24.699 -19.787 -1.583 0.000 -27.293
ZINC01084391 -28.979 -21.891 -3.673 0.000 -28.467
ZINC01084393 -29.324 -24.969 -0.994 0.000 -32.587
ZINC01088121 -25.108 -22.876 0.997 0.000 -28.580
ZINC01088374 -27.738 -24.077 -1.779 0.000 -24.378
ZINC01088883 -28.172 -20.722 -4.190 0.000 -26.441
ZINC01090922 -24.592 -19.625 -1.677 0.000 -28.780
ZINC01090925 -25.220 -17.220 -4.770 0.005 -29.771
ZINC01090958 -27.948 -20.283 -4.377 0.000 -32.612
ZINC01090959 -20.887 -17.974 -3.306 0.000 -28.149
ZINC01092304 -26.222 -19.433 -3.474 0.000 -27.359
ZINC01093326 -23.468 -22.358 0.834 0.000 -29.274
ZINC01094281 -27.177 -20.409 -3.630 0.035 -24.942
ZINC01094282 -26.726 -17.568 -5.816 0.000 -27.192
ZINC01094283 -26.346 -22.615 -0.432 0.000 -31.253
ZINC01094286 -22.828 -18.785 -0.755 0.000 -27.987
ZINC01094289 -21.924 -15.929 -2.770 0.000 -24.459
ZINC01094297 -21.345 -18.592 0.499 0.000 -23.030
ZINC01097882 -27.387 -22.839 -1.199 0.000 -28.601
ZINC01097883 -25.646 -22.797 0.384 0.000 -29.234
ZINC01102646 -27.610 -23.790 -0.515 0.000 -27.305
ZINC01103996 -27.576 -22.617 -1.581 0.000 -32.811
ZINC01109311 -23.698 -18.581 -1.737 0.000 -26.875
ZINC01109312 -25.237 -21.681 -0.318 0.000 -29.974
ZINC01110359 -24.582 -20.934 -0.437 0.000 -26.889
ZINC01113505 -27.543 -22.487 -1.716 0.000 -26.878
ZINC01113997 -27.260 -22.012 -2.002 0.000 -29.255
ZINC01118377 -26.767 -22.041 -1.429 0.000 -26.889
ZINC01118658 -27.790 -22.069 -2.615 0.000 -26.155
ZINC01119056 -26.196 -19.760 -3.125 0.000 -29.524
ZINC01119063 -24.143 -17.119 -3.732 0.000 -29.481
ZINC01119320 -24.652 -21.228 -0.010 0.000 -32.024
ZINC01119733 -25.729 -26.108 3.672 0.008 -30.050
ZINC01120211 -24.183 -22.098 1.185 0.000 -30.722
ZINC01121279 -23.898 -23.909 3.316 0.000 -28.986
ZINC01124839 -24.641 -20.623 -0.670 0.000 -29.476
ZINC01125534 -25.820 -20.997 -1.479 0.000 -27.032
ZINC01128877 -26.828 -23.279 -0.376 0.000 -28.187
ZINC01130304 -23.253 -19.863 -0.116 0.000 -30.019
ZINC01130305 -25.304 -22.222 0.022 0.000 -28.643
ZINC01131683 -25.217 -22.247 0.436 0.000 -27.338
ZINC01131685 -25.628 -20.958 -1.350 0.000 -28.077
ZINC01132694 -23.689 -23.097 2.648 0.000 -31.788
ZINC01134546 -26.656 -23.381 0.089 0.000 -27.791
ZINC01134740 -26.034 -22.888 0.237 0.000 -27.181
ZINC01138931 -28.113 -17.976 -6.761 0.000 -27.686
ZINC01139608 -24.454 -22.246 -2.605 0.028 -33.772
ZINC01140010 -27.948 -21.533 -3.107 0.000 -27.568
ZINC01140012 -27.558 -18.608 -5.661 0.000 -29.803
ZINC01141400 -25.705 -22.476 0.045 0.000 -32.918
ZINC01141449 -17.827 -15.418 0.896 0.000 -28.826
ZINC01142012 -24.158 -19.989 -0.864 0.000 -28.576
ZINC01142106 -22.612 -22.260 2.807 0.000 -28.290
ZINC01143087 -26.111 -19.768 -3.211 0.022 -27.173
ZINC01143476 -21.862 -15.082 -3.450 0.000 -22.774
ZINC01143478 -24.546 -19.660 -1.932 0.000 -25.190
ZINC01145016 -24.627 -18.688 -2.733 0.000 -25.841
ZINC01145195 -28.571 -19.022 -6.307 0.000 -25.524
ZINC01147908 -19.160 -16.592 0.523 0.000 -26.706
ZINC01148163 -25.144 -22.198 0.461 0.000 -28.858
ZINC01159095 -29.839 -26.455 -0.281 0.000 -33.194
ZINC01159097 -25.689 -17.705 -4.699 0.000 -26.129
ZINC01173878 -21.800 -17.081 -2.467 0.000 -29.585
ZINC01174530 -26.205 -24.546 1.691 0.000 -29.737
ZINC01188088 -26.033 -22.726 0.106 0.000 -31.733
ZINC01188747 -26.112 -20.570 -2.152 0.000 -29.210
ZINC01191980 -21.403 -17.827 -0.316 0.056 -26.413
ZINC01197684 -21.001 -21.912 0.485 0.000 -29.191
ZINC01200064 -21.727 -21.173 2.730 0.000 -32.468
ZINC01200491 -26.254 -24.439 1.423 0.000 -32.096
ZINC01200944 -27.856 -23.986 -0.550 0.000 -26.124
ZINC01206103 -16.207 -11.981 -0.890 0.000 -23.971
ZINC01208391 -25.207 -21.390 -0.432 0.000 -31.394
ZINC01210283 -25.432 -22.041 -0.169 0.000 -27.434
ZINC01212864 -21.896 -20.644 1.952 0.000 -26.528
ZINC01215252 -27.368 -28.307 4.185 0.000 -31.351
ZINC01222264 -27.300 -19.728 -4.330 0.000 -28.054
ZINC01222356 -32.251 -24.668 -4.321 0.000 -30.453
ZINC01223709 -29.325 -18.907 -7.134 0.000 -27.790
ZINC01223723 -27.661 -19.306 -4.964 0.000 -31.585
ZINC01223764 -28.427 -16.272 -8.763 0.000 -27.259
ZINC01225071 -20.044 -19.596 2.773 0.000 -29.478
ZINC01225081 -24.891 -18.447 -3.081 0.000 -29.258
ZINC01225082 -20.400 -17.850 0.560 0.000 -28.019
ZINC01225087 -21.331 -18.930 0.892 0.000 -29.020
ZINC01225097 -20.142 -19.410 2.657 0.000 -28.856
ZINC01225099 -22.953 -20.878 1.092 0.000 -29.429
ZINC01230217 -28.200 -20.590 -4.345 0.000 -21.712
ZINC01241335 -24.399 -24.079 2.933 0.000 -27.961
ZINC01242207 -24.650 -25.363 4.109 0.000 -28.813
ZINC01246400 -33.069 -25.726 -4.162 0.000 -30.431
ZINC01248565 -27.735 -23.030 -1.438 0.000 -26.226
ZINC01248566 -22.583 -22.057 2.772 0.000 -29.695
ZINC01249046 -26.716 -24.339 -0.427 0.000 -27.649
ZINC01250393 -28.202 -24.512 -0.447 0.000 -27.352
ZINC01250394 -26.631 -16.381 -6.912 0.000 -26.895
ZINC01251284 -24.847 -21.659 0.132 0.000 -29.998
ZINC01252178 -25.596 -21.106 -1.522 0.207 -25.523
ZINC01252179 -22.840 -20.137 0.513 0.000 -28.102
ZINC01253007 -27.204 -20.062 -4.091 0.000 -28.147
ZINC01253777 -26.756 -22.249 -1.264 0.000 -24.529
ZINC01253778 -26.763 -23.576 0.202 0.000 -28.534
ZINC01254138 -25.273 -20.861 -1.137 0.000 -28.918
ZINC01254139 -24.196 -20.650 -0.372 0.000 -27.706
ZINC01254576 -30.323 -24.875 -2.133 0.000 -28.731
ZINC01270478 -25.260 -20.979 -0.924 0.000 -27.179
ZINC01270479 -25.984 -23.445 0.704 0.000 -31.265
ZINC01278752 -25.220 -22.785 0.870 0.000 -26.971
ZINC01283324 -24.979 -22.661 0.926 0.000 -29.441
ZINC01283325 -24.360 -17.229 -3.740 0.000 -27.744
ZINC01288541 -28.386 -23.137 -1.881 0.000 -30.579
ZINC01289245 -22.867 -17.622 -1.886 0.000 -27.470
ZINC01293471 -27.556 -22.480 -1.773 0.000 -28.297
ZINC01293472 -22.867 -18.544 -1.087 0.000 -26.738
ZINC01294176 -25.488 -13.759 -8.535 0.000 -23.195
ZINC01294179 -23.898 -20.950 0.140 0.000 -25.515
ZINC01294565 -28.324 -21.548 -3.508 0.000 -24.299
ZINC01300158 -24.601 -21.372 0.071 0.000 -29.840
ZINC01300159 -25.507 -22.303 0.058 0.000 -30.203
ZINC01302344 -24.086 -20.979 0.195 0.000 -28.795
ZINC01302345 -26.160 -22.987 0.054 0.000 -28.848
ZINC01307676 -22.889 -14.100 -5.553 0.000 -24.196
ZINC01307677 -23.622 -15.793 -4.535 0.000 -23.972
ZINC01307678 -27.533 -21.933 -3.667 0.000 -29.406
ZINC01314921 -38.264 -29.849 -8.814 0.000 -30.970
ZINC01315392 -27.729 -22.807 -1.613 0.017 -27.874
ZINC01315393 -23.320 -18.753 -1.316 0.000 -27.486
ZINC01324493 -19.095 -15.241 -0.615 0.000 -28.183
ZINC01324568 -24.533 -20.882 -0.417 0.000 -28.106
ZINC01324593 -24.523 -14.315 -6.846 0.000 -25.971
ZINC01324609 -21.875 -16.320 -2.165 0.000 -28.305
ZINC01325283 -24.218 -23.935 2.802 0.000 -27.958
ZINC01325286 -29.163 -27.383 1.398 0.000 -32.631
ZINC01328987 -28.465 -25.050 -0.185 0.000 -27.785
ZINC01333332 -30.346 -24.111 -2.847 0.000 -29.418
ZINC01342398 -37.624 -25.876 -8.334 0.000 -33.614
ZINC01346473 -24.323 -19.895 -4.780 0.000 -30.029
ZINC01433613 -19.958 -19.348 2.628 0.000 -29.564
ZINC01435104 -18.711 -15.900 0.480 0.000 -23.507
ZINC01435105 -16.609 -16.302 2.935 0.000 -27.105
ZINC01436394 -25.688 -25.301 2.852 0.000 -29.900
ZINC01436395 -25.282 -18.723 -3.296 0.019 -28.296
ZINC01437595 -28.255 -23.881 -0.970 0.000 -29.178
ZINC01437596 -16.140 -13.180 0.295 0.006 -21.776
ZINC01441790 -25.473 -20.349 -1.770 0.000 -31.864
ZINC01444544 -23.948 -20.817 0.163 0.000 -32.027
ZINC01444545 -24.837 -22.593 1.077 0.000 -27.820
ZINC01454023 -24.713 -22.292 0.825 0.000 -27.248
ZINC01464602 -24.864 -20.609 -0.852 0.000 -29.334
ZINC01471091 -23.461 -15.231 -4.859 0.000 -28.146
ZINC01471092 -23.016 -20.203 0.594 0.000 -31.380
ZINC01471266 -22.169 -20.913 1.834 0.000 -30.977
ZINC01472948 -25.681 -21.071 -1.346 0.000 -29.270
ZINC01474068 -29.725 -23.420 -2.991 0.000 -26.175
ZINC01474404 -25.665 -23.564 1.176 0.000 -32.601
ZINC01474405 -27.155 -21.639 -2.175 0.000 -27.020
ZINC01474412 -24.786 -20.619 -0.849 0.000 -25.796
ZINC01474436 -28.166 -24.486 -0.367 0.000 -28.514
ZINC01474437 -26.311 -23.152 0.088 0.000 -27.007
ZINC01474439 -27.992 -23.625 -1.091 0.000 -29.089
ZINC01474450 -23.543 -17.424 -2.818 0.000 -28.430
ZINC01474451 -28.489 -17.564 -7.536 0.000 -29.016
ZINC01474452 -23.388 -20.298 0.282 0.000 -30.369
ZINC01474454 -23.636 -20.809 0.282 0.000 -27.950
ZINC01474460 -29.213 -22.744 -3.366 0.000 -27.187
ZINC01474461 -28.377 -27.159 -1.547 0.006 -29.436
ZINC01474480 -30.401 -27.042 -0.149 0.000 -30.857
ZINC01474481 -26.742 -25.024 1.528 0.001 -29.598
ZINC01474483 -31.688 -28.088 -1.696 0.000 -30.495
ZINC01474497 -27.362 -21.193 -2.825 0.000 -32.256
ZINC01474518 -26.945 -19.696 -3.988 0.000 -25.734
ZINC01474519 -23.944 -21.568 0.864 0.000 -27.135
ZINC01474522 -29.014 -26.261 0.527 0.000 -29.505
ZINC01474523 -22.194 -21.958 1.742 0.000 -30.946
ZINC01474526 -27.319 -25.073 1.120 0.000 -26.501
ZINC01474527 -30.737 -27.358 -0.109 0.000 -31.106
ZINC01474542 -28.419 -25.113 -1.811 0.000 -28.242
ZINC01474543 -27.387 -23.926 -0.064 0.000 -31.027
ZINC01474545 -28.126 -23.494 -1.442 0.000 -27.428
ZINC01474561 -25.547 -23.065 0.820 0.000 -31.974
ZINC01474588 -27.618 -20.344 -3.999 0.000 -32.120
ZINC01474589 -21.729 -19.718 1.204 0.000 -28.332
ZINC01474596 -26.692 -23.525 -0.078 0.000 -29.839
ZINC01474597 -29.246 -22.315 -4.973 0.000 -29.365
ZINC01474598 -25.521 -21.370 -0.915 0.000 -24.087
ZINC01474599 -22.139 -17.998 -0.890 0.000 -27.987
ZINC01474601 -26.077 -24.922 0.477 0.000 -27.930
ZINC01474610 -29.609 -26.565 0.224 0.000 -29.511
ZINC01474611 -27.272 -22.083 -5.485 0.000 -29.016
ZINC01474613 -29.352 -18.536 -7.571 0.000 -29.963
ZINC01474615 -29.280 -18.891 -7.038 0.000 -31.854
ZINC01474670 -22.882 -23.072 2.136 0.000 -26.091
ZINC01474725 -27.380 -26.585 2.514 0.000 -27.248
ZINC01474726 -26.722 -18.990 -4.339 0.000 -29.402
ZINC01474801 -27.326 -23.053 -0.952 0.000 -30.122
ZINC01474808 -25.549 -22.031 -0.351 0.000 -29.420
ZINC01474809 -26.836 -22.654 -0.904 0.000 -32.278
ZINC01474913 -24.568 -20.513 -0.827 0.000 -28.764
ZINC01474914 -20.363 -18.555 1.502 0.000 -29.679
ZINC01474939 -30.395 -25.347 -3.373 0.000 -28.719
ZINC01474941 -35.037 -28.300 -3.414 0.000 -31.786
ZINC01474942 -31.471 -26.971 -1.157 0.000 -34.185
ZINC01475073 -29.995 -25.647 -1.111 0.000 -30.402
ZINC01475075 -29.068 -22.455 -6.861 0.000 -28.407
ZINC01475076 -32.096 -23.751 -5.083 0.000 -29.444
ZINC01475078 -28.749 -24.981 -0.534 0.000 -28.446
ZINC01475079 -32.893 -25.941 -3.732 0.000 -30.863
ZINC01475080 -29.677 -20.293 -6.012 0.000 -29.511
ZINC01475081 -31.627 -25.643 -2.720 0.000 -28.531
ZINC01475083 -23.555 -22.335 1.986 0.002 -28.260
ZINC01475084 -23.023 -25.883 4.762 0.000 -34.062
ZINC01477481 -28.028 -23.220 -1.524 0.000 -31.014
ZINC01477482 -24.680 -20.796 -0.583 0.000 -29.049
ZINC01477920 -31.891 -24.963 -5.073 0.000 -30.992
ZINC01478230 -27.195 -23.251 -0.627 0.000 -30.982
ZINC01478231 -28.808 -23.890 -1.667 0.000 -28.299
ZINC01478234 -29.963 -18.185 -8.372 0.000 -26.582
ZINC01478235 -25.162 -22.069 0.075 0.000 -29.333
ZINC01478315 -25.251 -21.051 -0.981 0.000 -33.934
ZINC01478326 -28.298 -24.930 -0.094 0.000 -35.079
ZINC01478327 -25.520 -22.226 -0.092 0.000 -29.017
ZINC01478406 -21.377 -22.201 3.588 0.009 -26.990
ZINC01478407 -20.264 -19.916 2.942 0.000 -28.341
ZINC01479270 -24.282 -21.905 0.782 0.000 -28.131
ZINC01479271 -19.454 -20.616 4.489 0.000 -29.683
ZINC01479274 -24.398 -18.550 -2.623 0.000 -24.550
ZINC01479275 -21.203 -20.484 2.657 0.000 -24.144
ZINC01479282 -29.629 -27.687 1.278 0.000 -30.502
ZINC01479283 -23.561 -19.533 -0.719 0.000 -29.028
ZINC01479301 -23.678 -17.980 -2.709 0.000 -23.716
ZINC01479302 -22.529 -20.575 1.429 0.000 -31.571
ZINC01479303 -24.478 -24.062 1.470 0.000 -28.924
ZINC01479306 -28.419 -19.920 -5.167 0.000 -26.941
ZINC01479307 -24.366 -25.767 4.758 0.000 -29.720
ZINC01479312 -21.362 -23.125 3.745 0.000 -30.138
ZINC01479313 -24.206 -22.541 1.526 0.000 -29.908
ZINC01479354 -24.668 -22.301 0.975 0.000 -28.187
ZINC01479355 -24.685 -21.937 0.428 0.000 -30.261
ZINC01479360 -25.431 -23.735 1.662 0.000 -28.969
ZINC01479361 -27.035 -24.860 1.200 0.000 -30.572
ZINC01479365 -28.776 -21.145 -4.582 0.000 -28.393
ZINC01479410 -25.669 -20.691 -1.566 0.000 -29.725
ZINC01479411 -29.914 -22.028 -4.620 0.000 -29.540
ZINC01479414 -30.800 -23.783 -3.743 0.000 -27.855
ZINC01479415 -27.863 -21.070 -3.503 0.000 -31.485
ZINC01479522 -21.692 -18.325 -0.144 0.000 -29.036
ZINC01479523 -27.400 -20.229 -3.862 0.000 -31.363
ZINC01479528 -25.248 -24.056 -5.198 0.000 -30.837
ZINC01479529 -25.047 -22.176 0.330 0.000 -28.832
ZINC01479557 -27.313 -20.131 -3.922 0.000 -24.227
ZINC01479558 -28.208 -19.932 -5.011 0.000 -30.263
ZINC01479559 -23.915 -23.443 2.861 0.000 -28.158
ZINC01479574 -24.670 -18.159 -3.222 0.000 -30.311
ZINC01479575 -23.235 -21.482 1.538 0.000 -30.206
ZINC01479576 -26.618 -26.853 2.036 0.000 -31.362
ZINC01479577 -24.453 -20.732 -1.755 0.000 -30.081
ZINC01482825 -26.168 -21.275 -1.645 0.000 -29.779
ZINC01482873 -20.922 -21.762 4.065 0.000 -29.871
ZINC01483323 -30.434 -25.353 -1.753 0.000 -31.236
ZINC01484757 -26.174 -20.367 -2.445 0.000 -26.693
ZINC01485448 -27.233 -30.104 5.559 0.000 -26.844
ZINC01485703 -25.787 -23.559 0.708 0.000 -27.738
ZINC01485713 -21.612 -19.763 1.459 0.000 -24.807
ZINC01486093 -29.741 -25.560 -2.235 0.000 -28.925
ZINC01486361 -33.108 -26.409 -7.028 0.000 -27.432
ZINC01486366 -27.723 -24.495 0.008 0.000 -28.913
ZINC01487885 -26.544 -23.523 0.266 0.000 -28.909
ZINC01487907 -35.284 -24.072 -7.898 0.000 -27.177
ZINC01489197 -33.924 -34.468 2.688 0.000 -33.143
ZINC01489279 -26.646 -20.385 -2.974 0.000 -27.704
ZINC01489833 -21.200 -20.682 2.697 0.006 -28.203
ZINC01489972 -28.684 -25.989 0.612 0.000 -30.379
ZINC01490906 -23.973 -16.396 -4.268 0.000 -29.542
ZINC01492203 -26.216 -24.648 1.818 0.000 -29.505
ZINC01492442 -25.121 -22.952 1.112 0.000 -31.997
ZINC01492443 -22.333 -17.846 -1.101 0.000 -29.703
ZINC01492728 -26.279 -21.622 -1.269 0.000 -29.379
ZINC01492746 -30.502 -22.981 -4.235 0.000 -27.355
ZINC01493498 -26.048 -21.595 -1.168 0.013 -29.281
ZINC01493501 -24.173 -18.132 -2.893 0.000 -28.031
ZINC01493502 -23.296 -21.264 0.813 0.480 -28.804
ZINC01494159 -25.934 -19.326 -3.256 0.000 -30.705
ZINC01494161 -28.128 -18.257 -6.577 0.000 -28.845
ZINC01494163 -27.673 -20.095 -4.356 0.000 -27.558
ZINC01494528 -29.660 -25.223 -1.168 0.000 -32.661
ZINC01494531 -27.486 -23.664 -1.894 0.000 -29.758
ZINC01494788 -18.330 -18.433 3.517 0.000 -23.299
ZINC01494902 -24.511 -20.466 -0.850 0.000 -28.395
ZINC01505388 -30.916 -27.409 -0.089 0.000 -33.051
ZINC01508616 -21.921 -16.407 -2.216 0.000 -26.958
ZINC01508621 -19.585 -20.699 2.966 0.000 -28.056
ZINC01508629 -15.637 -17.460 5.113 0.000 -26.730
ZINC01533335 -24.009 -19.308 -1.310 0.000 -30.586
ZINC01533617 -23.641 -18.892 -1.445 0.000 -29.695
ZINC01534430 -29.626 -23.710 -2.534 0.000 -29.607
ZINC01534846 -32.007 -26.774 -3.253 0.000 -30.298
ZINC01535934 -25.312 -19.611 -2.381 0.000 -32.823
ZINC01536540 -29.033 -21.653 -4.125 0.000 -24.653
ZINC01537603 -30.526 -23.430 -3.871 0.000 -30.597
ZINC01537674 -22.003 -18.235 -0.496 0.000 -27.865
ZINC01538660 -34.799 -23.279 -8.270 0.000 -26.223
ZINC01538661 -33.051 -20.506 -9.259 0.000 -29.886
ZINC01538857 -17.383 -16.053 1.881 0.000 -28.029
ZINC01538998 -24.672 -22.333 0.944 0.000 -31.527
ZINC01539000 -29.739 -23.429 -3.057 0.000 -30.337
ZINC01539006 -23.773 -22.331 1.787 0.000 -31.041
ZINC01539675 -29.807 -22.333 -4.279 0.000 -30.565
ZINC01540854 -27.422 -20.328 -3.803 0.000 -25.446
ZINC01540855 -24.431 -17.220 -3.902 0.000 -25.642
ZINC01545657 -23.548 -18.350 -1.934 0.000 -27.604
ZINC01547559 -27.434 -18.304 -5.809 0.000 -31.619
ZINC01548247 -27.057 -23.058 -0.667 0.000 -29.922
ZINC01548917 -20.372 -19.449 2.442 0.000 -27.015
ZINC01549298 -30.876 -20.841 -6.714 0.000 -29.379
ZINC01552276 -27.620 -23.608 -0.665 0.014 -30.263
ZINC01552277 -32.319 -26.062 -2.894 0.000 -29.418
ZINC01552278 -27.315 -23.911 -0.075 0.000 -28.825
ZINC01552282 -33.834 -25.678 -6.221 0.000 -26.473
ZINC01552333 -22.758 -15.126 -4.323 0.000 -25.546
ZINC01552337 -27.344 -20.700 -4.689 0.000 -26.152
ZINC01552964 -27.900 -23.070 -1.541 0.000 -28.936
ZINC01553264 -21.222 -21.375 3.365 0.000 -32.517
ZINC01553265 -24.104 -23.945 3.124 0.000 -30.200
ZINC01554900 -29.936 -24.142 -2.518 0.000 -28.695
ZINC01555164 -33.142 -25.471 -4.378 0.000 -29.977
ZINC01555165 -24.875 -19.488 -2.057 0.000 -31.905
ZINC01569098 -20.912 -21.077 3.231 0.000 -28.961
ZINC01583194 -24.825 -23.483 1.931 0.000 -29.605
ZINC01620090 -22.677 -19.279 -0.071 0.000 -27.510
ZINC01648936 -23.095 -23.729 3.701 0.000 -32.707
ZINC01669626 -20.354 -17.408 0.337 0.000 -25.222
ZINC01682208 -21.167 -19.679 0.339 0.000 -27.668
ZINC01742948 -21.203 -20.081 2.148 0.000 -26.508
ZINC01745942 -29.506 -26.912 0.790 0.000 -33.035
ZINC01754451 -22.304 -22.970 3.836 0.000 -25.606
ZINC01754454 -29.343 -25.602 -0.344 0.000 -30.040
ZINC01755985 -25.377 -23.514 1.457 0.000 -31.556
ZINC01761808 -20.458 -19.054 1.984 0.000 -24.251
ZINC01770526 -25.236 -21.124 -0.863 0.000 -30.512
ZINC01772902 -28.685 -20.029 -5.366 0.000 -25.357
ZINC01773544 -21.134 -16.360 -1.494 0.000 -26.529
ZINC01773552 -21.940 -20.441 1.721 0.000 -26.965
ZINC01773553 -22.770 -22.806 3.365 0.000 -29.267
ZINC01773827 -25.774 -17.396 -5.070 0.000 -28.282
ZINC01778113 -22.000 -20.472 1.748 0.000 -26.727
ZINC01779129 -25.966 -23.999 1.254 0.000 -31.594
ZINC01785413 -43.081 -22.379 -17.376 0.000 -27.995
ZINC01785415 -39.617 -22.101 -14.217 0.000 -30.245
ZINC01794673 -24.490 -22.645 1.398 0.000 -30.245
ZINC01798232 -22.894 -19.658 -0.095 0.000 -26.264
ZINC01798235 -23.005 -20.354 0.730 0.000 -24.002
ZINC01800356 -22.155 -16.613 -2.168 0.000 -30.260
ZINC01800361 -23.737 -18.904 -1.409 0.000 -29.812
ZINC01813364 -21.690 -13.520 -4.847 0.000 -23.383
ZINC01816572 -26.625 -23.461 -0.031 0.000 -30.568
ZINC01818615 -28.318 -23.822 -1.235 0.000 -30.120
ZINC01818658 -25.878 -18.188 -4.484 0.000 -28.306
ZINC01819240 -30.002 -27.316 0.498 0.000 -32.330
ZINC01822504 -24.437 -19.502 -1.628 0.000 -31.017
ZINC01823906 -30.927 -22.525 -5.105 0.000 -29.547
ZINC01827824 -27.430 -23.991 -0.150 0.000 -28.245
ZINC01833459 -27.008 -25.539 1.832 0.000 -32.552
ZINC01837578 -25.871 -19.926 -3.742 0.000 -30.214
ZINC01853847 -24.521 -18.827 -2.530 0.000 -30.202
ZINC01860580 -22.043 -25.462 6.659 0.000 -28.605
ZINC01865961 -24.131 -18.054 -2.769 0.000 -29.043
ZINC01880914 -32.705 -23.118 -6.225 0.000 -29.460
ZINC01886637 -23.997 -17.563 -3.138 0.000 -24.719
ZINC01895379 -28.078 -21.503 -3.330 0.000 -27.435
ZINC01896736 -30.825 -24.594 -2.967 0.000 -31.324
ZINC01897559 -28.271 -19.754 -5.215 0.000 -25.034
ZINC01901976 -32.894 -29.115 -0.496 0.000 -31.360
ZINC01902006 -25.151 -22.949 1.120 0.000 -29.647
ZINC01902669 -33.817 -27.436 -4.465 0.000 -30.882
ZINC01907048 -22.338 -18.191 -0.904 0.000 -27.451
ZINC01915794 -29.176 -23.510 -2.284 0.000 -27.709
ZINC01922685 -28.927 -19.953 -5.695 0.000 -27.849
ZINC01936959 -26.291 -24.057 1.004 0.000 -30.010
ZINC01967440 -27.189 -22.891 -1.041 0.000 -28.342
ZINC01967441 -27.328 -24.235 0.256 0.000 -31.537
ZINC01976297 -34.959 -16.393 -15.217 0.000 -22.911
ZINC01976330 -18.229 -14.103 -0.929 0.002 -23.712
ZINC01976444 -32.183 -9.347 -19.403 0.000 -23.747
ZINC01985592 -22.519 -23.214 4.058 0.000 -31.112
ZINC01985593 -20.576 -16.829 -0.612 0.000 -25.260
ZINC01985594 -26.172 -22.674 -0.251 0.000 -27.523
ZINC02001885 -27.034 -18.941 -4.862 0.000 -30.450
ZINC02007693 -30.393 -25.325 -2.098 0.007 -29.012
ZINC02008807 -23.504 -22.331 2.206 0.000 -31.351
ZINC02008817 -23.637 -20.696 0.435 0.000 -31.555
ZINC02011612 -29.451 -20.479 -9.305 0.007 -30.852
ZINC02020941 -17.951 -12.142 -2.475 0.000 -20.597
ZINC02023446 -21.620 -15.642 -2.596 0.010 -26.417
ZINC02024046 -21.633 -23.201 4.868 0.000 -30.243
ZINC02049614 -23.930 -18.824 -1.820 0.000 -25.129
ZINC02053162 -26.553 -24.100 0.775 0.000 -29.358
ZINC02053172 -24.601 -20.958 -0.347 0.000 -27.309
ZINC02056271 -20.712 -16.928 -0.457 0.000 -26.567
ZINC02057261 -25.771 -17.433 -5.008 0.000 -28.643
ZINC02057389 -24.766 -21.697 0.329 0.000 -32.006
ZINC02057390 -27.010 -23.235 -0.396 0.000 -30.237
ZINC02062004 -31.075 -24.719 -3.005 0.000 -30.556
ZINC02062005 -25.108 -21.227 -0.517 0.000 -27.821
ZINC02085023 -24.586 -25.641 4.251 0.000 -32.153
ZINC02085027 -27.543 -22.666 -1.523 0.000 -31.523
ZINC02085286 -21.340 -19.142 1.141 0.002 -29.025
ZINC02085358 -18.695 -23.185 7.738 0.000 -30.744
ZINC02086129 -26.074 -20.452 -2.244 0.000 -26.325
ZINC02089746 -26.292 -23.164 0.208 0.000 -31.342
ZINC02091520 -28.222 -22.248 -2.704 0.000 -26.392
ZINC02092986 -19.996 -16.600 -0.176 0.000 -30.189
ZINC02093752 -24.745 -23.057 1.695 0.000 -29.560
ZINC02095637 -20.152 -23.540 2.548 0.454 -31.052
ZINC02096376 -23.140 -18.114 -1.635 0.000 -27.796
ZINC02097886 -27.130 -24.399 0.612 0.000 -31.376
ZINC02098756 -28.794 -22.156 -3.443 0.000 -33.626
ZINC02098761 -27.660 -22.584 -3.205 0.000 -30.748
ZINC02100553 -27.081 -21.319 -2.419 0.000 -28.231
ZINC02100561 -24.002 -17.952 -3.405 0.000 -23.675
ZINC02103163 -32.877 -24.312 -5.239 0.000 -29.001
ZINC02118828 -24.902 -19.985 -1.608 0.000 -29.306
ZINC02123114 -29.289 -27.420 1.340 0.000 -34.969
ZINC02123619 -26.311 -20.028 -2.959 0.000 -24.565
ZINC02123621 -23.731 -18.946 -1.493 0.000 -27.293
ZINC02127240 -24.239 -20.024 -1.004 0.000 -29.104
ZINC02127241 -25.340 -23.912 1.856 0.000 -28.242
ZINC02135467 -33.464 -30.065 -0.188 0.000 -29.860
ZINC02146461 -25.911 -18.290 -4.388 0.000 -27.504
ZINC02146464 -26.669 -19.661 -3.622 0.000 -28.066
ZINC02147930 -21.015 -17.121 -0.582 0.000 -25.447
ZINC02149556 -26.779 -23.030 -0.403 0.000 -31.209
ZINC02163698 -43.513 -22.149 -18.016 0.000 -26.252
ZINC02163700 -42.958 -20.190 -19.388 0.000 -27.625
ZINC02170048 -22.914 -20.218 0.702 0.000 -28.699
ZINC02172055 -16.577 -19.628 6.414 0.000 -29.366
ZINC02175834 -21.497 -18.273 0.083 0.000 -24.300
ZINC02176053 -27.207 -21.304 -2.686 0.000 -27.353
ZINC02176095 -25.133 -19.016 -2.806 0.000 -27.941
ZINC02185512 -27.177 -22.673 -1.272 0.003 -29.008
ZINC02188318 -23.511 -21.388 1.233 0.000 -30.193
ZINC02200130 -29.652 -26.270 0.032 0.000 -32.921
ZINC02200721 -22.547 -17.660 -1.575 0.000 -26.507
ZINC02206054 -31.147 -27.698 -0.110 0.000 -31.205
ZINC02207115 -27.087 -20.774 -3.382 0.000 -30.910
ZINC02210145 -28.986 -26.595 0.881 0.000 -29.107
ZINC02212144 -20.878 -14.779 -2.792 0.000 -23.807
ZINC02212347 -30.916 -21.756 -5.751 0.000 -32.265
ZINC02212351 -30.124 -19.444 -7.397 0.000 -24.364
ZINC02213568 -30.886 -25.430 -2.105 0.000 -35.108
ZINC02213569 -29.826 -19.851 -6.686 0.000 -27.881
ZINC02214188 -25.950 -16.021 -6.636 0.006 -24.730
ZINC02214508 -22.195 -18.405 -0.463 0.000 -27.522
ZINC02223689 -24.064 -16.828 -3.943 0.000 -25.215
ZINC02229346 -27.489 -18.312 -5.814 0.000 -28.133
ZINC02235364 -32.608 -24.020 -5.414 0.000 -31.466
ZINC02236966 -27.445 -22.951 -1.214 0.000 -29.186
ZINC02236978 -25.569 -16.435 -5.843 0.000 -29.224
ZINC02240877 -22.668 -19.929 -0.786 0.000 -28.583
ZINC02245102 -20.387 -16.118 -0.993 0.000 -24.681
ZINC02246704 -31.310 -23.463 -4.666 0.000 -29.756
ZINC02246817 -27.859 -19.856 -6.144 0.000 -28.262
ZINC02246869 -25.205 -19.373 -2.578 0.000 -26.507
ZINC02248768 -30.900 -22.796 -4.832 0.000 -30.036
ZINC02252594 -37.252 -33.116 -0.810 0.000 -31.491
ZINC02257695 -31.834 -23.661 -4.863 0.000 -29.812
ZINC02261631 -26.062 -21.613 -1.112 0.000 -27.241
ZINC02270057 -30.974 -23.393 -4.290 0.000 -24.116
ZINC02280406 -32.495 -27.187 -2.140 0.000 -28.607
ZINC02283812 -25.497 -21.427 -0.685 0.000 -28.986
ZINC02284108 -29.443 -21.639 -4.542 0.000 -26.461
ZINC02293776 -31.053 -27.560 -0.458 0.000 -26.966
ZINC02296465 -27.473 -26.288 1.915 0.178 -25.386
ZINC02298927 -32.285 -27.572 -1.316 0.000 -27.431
ZINC02299222 -30.144 -26.993 0.064 0.000 -29.268
ZINC02304207 -27.753 -24.747 0.376 0.000 -31.232
ZINC02307595 -25.402 -23.303 1.198 0.000 -28.744
ZINC02307597 -24.349 -21.429 0.419 0.000 -28.213
ZINC02307825 -28.298 -24.331 -0.744 0.000 -28.978
ZINC02308096 -20.468 -19.724 2.482 0.000 -26.363
ZINC02308099 -29.339 -25.239 -2.139 0.000 -29.149
ZINC02309001 -26.809 -16.852 -6.633 0.000 -24.119
ZINC02309459 -24.576 -18.425 -2.858 0.000 -27.493
ZINC02312414 -27.987 -21.145 -3.638 0.000 -32.152
ZINC02315748 -31.641 -28.354 0.108 0.000 -28.045
ZINC02316704 -23.658 -18.750 -1.514 0.000 -24.208
ZINC02317492 -29.881 -18.566 -7.950 0.000 -28.677
ZINC02318051 -23.657 -20.244 -0.018 0.000 -29.489
ZINC02318053 -23.790 -18.672 -1.852 0.000 -29.720
ZINC02318140 -34.270 -27.527 -3.337 0.000 -33.568
ZINC02318491 -29.879 -20.329 -6.249 0.000 -28.396
ZINC02318566 -34.663 -27.690 -3.749 0.000 -27.118
ZINC02321016 -26.370 -18.568 -4.589 0.000 -28.103
ZINC02321550 -29.081 -25.351 -0.424 0.000 -31.344
ZINC02321624 -33.298 -30.433 0.390 0.000 -29.084
ZINC02321688 -35.820 -33.462 0.895 0.000 -30.016
ZINC02321689 -33.724 -31.627 1.243 0.000 -27.334
ZINC02321937 -33.057 -19.662 -10.051 0.000 -31.104
ZINC02322455 -27.684 -19.484 -4.955 0.000 -27.168
ZINC02328792 -29.775 -23.622 -2.833 0.000 -31.071
ZINC02330266 -22.695 -18.170 -1.149 0.000 -25.229
ZINC02330595 -24.243 -19.463 -1.407 0.000 -31.235
ZINC02330598 -24.361 -19.663 -1.320 0.000 -29.677
ZINC02332412 -27.579 -21.976 -2.258 0.000 -29.227
ZINC02332805 -32.083 -21.077 -7.629 0.000 -32.091
ZINC02333826 -24.817 -20.008 -1.490 0.000 -25.170
ZINC02338551 -22.802 -16.750 -4.176 0.000 -22.162
ZINC02339301 -28.233 -20.175 -5.000 0.000 -27.603
ZINC02339497 -32.121 -19.529 -9.189 0.000 -30.104
ZINC02339511 -25.971 -20.324 -2.388 0.000 -28.339
ZINC02340282 -32.373 -27.998 -1.080 0.000 -32.591
ZINC02341118 -36.683 -29.090 -4.423 0.000 -29.581
ZINC02341684 -28.241 -24.889 0.010 0.000 -27.448
ZINC02341693 -29.627 -22.868 -3.492 0.000 -26.615
ZINC02344207 -30.638 -26.728 -0.707 0.000 -28.095
ZINC02344466 -25.685 -21.678 -0.777 0.000 -32.451
ZINC02347845 -29.522 -24.807 -1.429 0.000 -28.930
ZINC02348607 -33.858 -15.752 -14.701 0.000 -22.826
ZINC02349868 -28.737 -24.555 -0.937 0.000 -27.920
ZINC02352127 -28.731 -21.023 -9.513 0.000 -32.590
ZINC02352575 -21.357 -24.291 6.198 0.000 -29.647
ZINC02353543 -34.208 -30.926 -0.087 0.000 -28.122
ZINC02354158 -34.079 -30.834 0.015 0.000 -27.293
ZINC02354181 -30.119 -25.974 -0.885 0.000 -27.249
ZINC02354183 -24.759 -19.471 -2.064 0.000 -30.715
ZINC02355976 -22.601 -19.133 -1.525 0.000 -29.266
ZINC02356515 -27.894 -29.054 0.755 0.000 -27.069
ZINC02357621 -25.207 -24.844 3.032 0.000 -30.290
ZINC02368867 -26.966 -18.056 -5.489 0.000 -28.840
ZINC02385490 -36.770 -33.872 0.376 0.000 -32.906
ZINC02396055 -22.517 -18.150 -1.408 0.000 -23.266
ZINC02396881 -23.129 -19.441 -0.294 0.000 -29.236
ZINC02404187 -20.784 -19.691 2.191 0.000 -29.762
ZINC02407245 -27.361 -21.347 -2.836 0.000 -29.161
ZINC02420344 -28.960 -25.466 -0.342 0.000 -31.628
ZINC02420388 -30.315 -23.165 -5.226 0.000 -30.612
ZINC02435840 -22.016 -20.517 1.865 0.000 -29.804
ZINC02440343 -30.418 -24.853 -2.236 0.000 -30.911
ZINC02440347 -30.653 -23.897 -3.511 0.000 -30.604
ZINC02443648 -31.266 -20.263 -7.736 0.000 -32.783
ZINC02444578 -27.227 -22.826 -1.036 0.000 -30.098
ZINC02444671 -26.946 -23.760 0.160 0.000 -29.558
ZINC02445567 -29.053 -19.642 -6.026 0.000 -30.127
ZINC02445570 -29.020 -21.920 -3.799 0.000 -31.553
ZINC02453547 -24.669 -17.211 -4.160 0.000 -27.477
ZINC02454159 -32.154 -19.721 -9.054 0.000 -28.448
ZINC02478224 -23.852 -16.153 -4.423 0.000 -28.744
ZINC02480423 -25.221 -16.969 -4.943 0.000 -28.959
ZINC02480880 -27.648 -19.408 -4.972 0.000 -27.013
ZINC02484120 -22.523 -15.199 -4.081 0.000 -27.793
ZINC02484145 -26.714 -18.761 -4.611 0.000 -24.561
ZINC02484219 -26.146 -18.707 -4.108 0.000 -26.318
ZINC02484302 -21.618 -15.505 -4.190 0.000 -29.333
ZINC02484483 -26.924 -22.005 -1.633 0.000 -26.308
ZINC02484500 -23.649 -16.195 -4.194 0.000 -27.480
ZINC02484516 -29.036 -21.963 -3.765 0.000 -29.058
ZINC02486865 -26.603 -25.956 1.336 0.000 -35.616
ZINC02487032 -28.340 -22.009 -2.927 0.000 -29.040
ZINC02487535 -26.649 -19.988 -3.369 0.000 -29.655
ZINC02487658 -25.579 -21.268 -0.991 0.000 -28.044
ZINC02499494 -22.498 -19.417 0.218 0.000 -27.453
ZINC02500132 -23.778 -20.060 -0.414 0.000 -33.344
ZINC02506443 -27.229 -22.018 -1.931 0.000 -25.526
ZINC02520816 -28.711 -22.896 -2.417 0.000 -25.198
ZINC02529346 -21.946 -17.491 -1.108 0.000 -28.006
ZINC02531082 -32.519 -27.659 -1.634 0.000 -33.220
ZINC02531824 -28.869 -19.397 -6.201 0.000 -30.027
ZINC02553068 -22.262 -21.023 1.814 0.000 -33.026
ZINC02553766 -23.516 -14.856 -5.309 0.000 -28.448
ZINC02562277 -26.360 -21.096 -1.873 0.000 -29.495
ZINC02581695 -22.470 -21.445 2.346 0.000 -30.183
ZINC02586500 -26.356 -24.129 1.106 0.000 -29.367
ZINC02590886 -31.967 -29.231 0.554 0.000 -33.715
ZINC02590888 -33.737 -31.452 0.164 0.000 -33.678
ZINC02609409 -20.677 -18.934 1.274 0.000 -28.833
ZINC02609412 -22.341 -21.715 2.554 0.000 -28.869
ZINC02609659 -24.950 -22.342 -0.168 0.000 -28.069
ZINC02609662 -23.773 -21.837 1.274 0.000 -28.548
ZINC02616774 -26.918 -20.053 -3.772 0.000 -22.136
ZINC02617749 -29.201 -27.121 1.228 0.000 -32.157
ZINC02618039 -23.322 -18.011 -1.953 0.000 -25.898
ZINC02620799 -26.200 -21.612 -1.352 0.000 -28.516
ZINC02621368 -23.761 -17.384 -3.078 0.000 -26.677
ZINC02621947 -30.472 -19.674 -8.979 0.000 -28.981
ZINC02627313 -26.794 -22.746 -0.789 0.000 -28.764
ZINC02627487 -23.374 -19.357 -0.626 0.000 -28.987
ZINC02628972 -30.251 -22.662 -4.264 0.000 -31.396
ZINC02629625 -26.641 -28.948 2.030 0.000 -34.585
ZINC02629626 -25.538 -22.826 -2.985 0.000 -27.398
ZINC02629882 -26.020 -19.724 -3.129 0.000 -22.270
ZINC02629883 -27.351 -20.356 -3.606 0.000 -28.887
ZINC02631252 -25.111 -20.946 -0.904 0.000 -27.223
ZINC02631901 -26.851 -21.167 -2.409 0.000 -29.144
ZINC02632106 -27.329 -25.188 1.113 0.000 -29.313
ZINC02633947 -22.121 -16.934 -1.901 0.000 -26.128
ZINC02636442 -26.257 -21.479 -1.528 0.000 -31.954
ZINC02639584 -27.000 -25.275 1.401 0.000 -30.358
ZINC02639585 -28.434 -25.588 -3.240 0.000 -29.505
ZINC02639593 -33.969 -23.331 -7.317 0.000 -29.122
ZINC02642186 -27.360 -20.938 -3.192 0.000 -28.599
ZINC02642319 -24.349 -16.823 -4.228 0.000 -31.365
ZINC02642450 -26.141 -21.549 -1.321 0.000 -30.961
ZINC02642472 -24.073 -18.658 -2.176 0.000 -28.739
ZINC02644281 -29.807 -22.261 -4.164 0.000 -30.040
ZINC02645056 -28.044 -23.403 -1.229 0.000 -29.985
ZINC02650339 -30.033 -22.658 -4.160 0.000 -26.142
ZINC02651260 -33.891 -31.693 1.002 0.000 -29.630
ZINC02651355 -32.495 -30.827 1.582 0.000 -31.592
ZINC02652278 -26.360 -19.933 -3.309 0.000 -24.768
ZINC02653340 -23.878 -26.114 5.543 0.000 -33.042
ZINC02653661 -26.226 -22.383 -0.581 0.000 -31.584
ZINC02654236 -24.925 -25.658 4.047 0.000 -30.356
ZINC02654907 -21.588 -22.770 4.478 0.000 -31.709
ZINC02655018 -23.277 -20.661 0.713 0.006 -28.548
ZINC02659407 -22.442 -19.582 0.498 0.000 -30.103
ZINC02661091 -27.452 -23.568 -0.595 0.000 -26.546
ZINC02662017 -25.306 -17.199 -4.838 0.010 -27.124
ZINC02663076 -24.418 -25.579 0.835 0.000 -28.355
ZINC02680340 -23.357 -17.158 -2.928 0.000 -28.557
ZINC02685765 -24.273 -22.524 1.482 0.000 -31.639
ZINC02685767 -24.878 -19.363 -2.243 0.000 -28.815
ZINC02687037 -31.663 -22.901 -5.422 0.000 -30.118
ZINC02688222 -25.133 -19.009 -2.810 0.000 -25.953
ZINC02690036 -22.670 -18.260 -1.152 0.000 -26.981
ZINC02690280 -25.592 -21.205 -1.151 0.000 -31.550
ZINC02690520 -27.173 -23.005 -0.843 0.000 -30.014
ZINC02691027 -23.214 -19.928 0.027 0.000 -27.305
ZINC02696448 -30.068 -28.886 0.797 0.000 -31.314
ZINC02697782 -25.264 -23.812 1.791 0.000 -27.446
ZINC02699883 -33.010 -24.864 -4.852 0.000 -29.317
ZINC02703058 -27.466 -19.911 -4.311 0.000 -32.359
ZINC02705325 -26.824 -21.368 -3.536 0.000 -28.925
ZINC02707648 -29.210 -24.250 -1.706 0.000 -29.736
ZINC02707703 -23.211 -19.479 -1.806 0.000 -31.513
ZINC02707730 -24.671 -18.597 -2.842 0.000 -27.412
ZINC02707746 -24.199 -22.284 1.480 0.000 -27.106
ZINC02707748 -22.232 -20.861 2.000 0.000 -28.322
ZINC02707756 -24.494 -20.809 -0.523 0.000 -30.942
ZINC02707764 -24.354 -18.371 -2.630 0.000 -26.877
ZINC02707778 -26.046 -24.980 2.292 0.000 -29.439
ZINC02716082 -28.239 -22.238 -2.665 0.000 -25.738
ZINC02716086 -25.587 -22.370 0.076 0.009 -30.240
ZINC02716641 -22.105 -18.691 -0.183 0.007 -28.611
ZINC02720814 -26.524 -21.049 -2.066 0.000 -33.656
ZINC02720828 -23.689 -19.490 -0.844 0.000 -33.169
ZINC02721153 -32.314 -26.797 -2.198 0.000 -32.006
ZINC02721154 -31.297 -24.493 -3.527 0.000 -28.986
ZINC02721186 -26.851 -16.354 -7.085 0.000 -22.572
ZINC02721187 -26.337 -22.246 -0.795 0.000 -32.797
ZINC02721188 -28.986 -24.424 -1.287 0.000 -32.235
ZINC02721189 -34.579 -24.597 -6.746 0.000 -31.893
ZINC02721208 -29.811 -24.120 -2.584 0.000 -34.699
ZINC02728700 -20.787 -16.414 -1.050 0.000 -24.841
ZINC02729964 -22.023 -22.470 3.258 0.328 -29.070
ZINC02736936 -21.558 -21.009 2.767 0.000 -28.488
ZINC02738133 -18.964 -16.354 0.686 0.000 -29.303
ZINC02742091 -27.087 -19.108 -4.562 0.000 -29.921
ZINC02742452 -24.893 -19.828 -1.776 0.000 -28.517
ZINC02744592 -20.512 -16.705 -1.944 0.000 -24.596
ZINC02744680 -21.631 -16.733 -1.476 0.000 -28.454
ZINC02746281 -24.473 -20.469 -0.717 0.000 -26.430
ZINC02746282 -26.134 -23.445 0.602 0.000 -29.641
ZINC02752928 -24.070 -20.340 -0.446 0.000 -27.946
ZINC02759869 -27.678 -19.300 -5.000 0.000 -27.626
ZINC02779535 -20.227 -16.019 -0.842 0.000 -24.637
ZINC02799374 -27.418 -19.237 -4.976 0.000 -25.801
ZINC02805973 -28.279 -23.378 -1.653 0.000 -30.024
ZINC02814389 -23.868 -19.562 -1.074 0.000 -26.202
ZINC02814757 -28.051 -22.671 -2.007 0.000 -28.619
ZINC02826902 -27.118 -24.548 0.774 0.000 -32.873
ZINC02836373 -27.029 -19.262 -4.511 0.000 -25.218
ZINC02842086 -31.800 -27.688 -0.911 0.000 -26.360
ZINC02843213 -25.024 -25.738 -1.010 0.000 -30.743
ZINC02843582 -29.226 -23.229 -2.655 0.000 -30.160
ZINC02846323 -28.134 -24.021 -0.757 0.000 -33.422
ZINC02846423 -26.547 -24.044 0.769 0.000 -29.645
ZINC02848302 -26.648 -23.048 -0.335 0.000 -27.988
ZINC02849069 -28.317 -20.509 -4.456 0.000 -27.593
ZINC02849195 -25.209 -20.560 -1.374 0.000 -28.377
ZINC02850913 -25.033 -21.359 -0.424 0.000 -29.049
ZINC02850914 -25.550 -21.460 -0.797 0.000 -26.756
ZINC02851005 -25.693 -20.051 -3.707 0.000 -27.547
ZINC02851006 -23.765 -21.778 1.419 0.000 -27.531
ZINC02851778 -42.849 -21.130 -18.487 0.000 -29.398
ZINC02852430 -23.668 -20.272 -0.083 0.000 -29.484
ZINC02854964 -26.025 -20.228 -2.393 0.000 -28.952
ZINC02856949 -25.148 -22.109 0.284 0.000 -29.764
ZINC02856950 -25.821 -21.148 -1.520 0.000 -29.049
ZINC02857112 -26.757 -23.905 0.504 0.000 -28.546
ZINC02857254 -21.290 -20.526 2.511 0.000 -30.767
ZINC02859012 -20.047 -19.525 2.746 0.000 -29.149
ZINC02859572 -29.460 -24.476 -1.728 0.017 -29.703
ZINC02859684 -26.199 -22.691 -0.326 0.000 -34.057
ZINC02860199 -27.555 -21.139 -3.108 0.000 -28.089
ZINC02861127 -23.886 -20.305 -0.224 0.000 -25.730
ZINC02861150 -24.308 -23.337 2.091 0.000 -27.155
ZINC02861866 -24.967 -18.708 -3.065 0.000 -26.566
ZINC02864604 -27.541 -18.939 -5.193 0.000 -25.188
ZINC02865260 -24.256 -21.185 0.198 0.000 -22.935
ZINC02865322 -24.972 -18.833 -4.267 0.000 -28.726
ZINC02865975 -24.332 -20.315 -0.640 0.000 -27.462
ZINC02867025 -29.400 -24.633 -1.432 0.000 -29.913
ZINC02867027 -20.894 -22.270 4.704 0.000 -29.555
ZINC02867600 -26.847 -26.035 2.461 0.000 -27.509
ZINC02869646 -33.382 -24.457 -5.681 0.000 -30.277
ZINC02869785 -26.898 -20.495 -3.168 0.000 -23.960
ZINC02869896 -26.162 -22.684 -1.468 0.000 -25.591
ZINC02871605 -22.226 -21.210 2.400 0.000 -25.440
ZINC02874551 -23.370 -22.087 1.927 0.000 -30.996
ZINC02874792 -24.037 -20.741 -0.020 0.000 -30.153
ZINC02877922 -28.089 -17.651 -7.189 0.000 -26.977
ZINC02877923 -25.163 -19.720 -2.261 0.000 -29.513
ZINC02879622 -21.484 -16.227 -1.882 0.000 -27.120
ZINC02880889 -24.995 -21.175 -0.526 0.000 -29.187
ZINC02881142 -24.643 -23.287 1.700 0.000 -29.975
ZINC02881554 -29.226 -24.774 -1.188 0.000 -29.251
ZINC02881555 -28.903 -23.383 -2.116 0.000 -27.048
ZINC02906787 -23.673 -16.335 -3.979 0.000 -26.209
ZINC02906965 -21.096 -17.801 -0.198 0.000 -21.262
ZINC02907425 -23.290 -20.912 0.664 0.000 -29.746
ZINC02907566 -24.829 -18.868 -2.598 0.000 -31.001
ZINC02907693 -22.568 -20.850 1.093 0.000 -30.462
ZINC02911413 -31.836 -23.795 -8.322 0.000 -32.771
ZINC02911469 -18.709 -19.704 4.240 0.000 -27.619
ZINC02911471 -20.965 -20.785 3.221 0.000 -32.133
ZINC02912033 -24.673 -21.075 -0.343 0.000 -28.316
ZINC02922349 -25.060 -24.325 2.505 0.000 -30.590
ZINC02923184 -23.725 -22.723 2.261 0.000 -28.835
ZINC02928379 -24.471 -22.162 0.958 0.000 -32.675
ZINC02934431 -26.814 -20.706 -6.473 0.000 -25.072
ZINC02935026 -33.910 -21.124 -9.384 0.000 -25.354
ZINC02940688 -24.405 -25.411 4.313 0.000 -26.370
ZINC02941408 -22.433 -17.845 -1.377 0.000 -24.291
ZINC02948784 -25.831 -20.098 -2.418 0.000 -29.297
ZINC02952768 -26.666 -20.156 -3.258 0.000 -27.008
ZINC02952782 -26.997 -21.240 -3.858 0.000 -25.750
ZINC02952784 -29.011 -22.107 -3.590 0.000 -25.770
ZINC02956966 -22.160 -17.695 -1.127 0.000 -26.504
ZINC02961857 -29.091 -24.209 -1.510 0.000 -30.901
ZINC02964315 -28.869 -24.237 -1.386 0.000 -31.640
ZINC02964317 -28.884 -21.319 -4.279 0.000 -31.553
ZINC02964321 -30.332 -27.035 -0.057 0.000 -31.813
ZINC02964327 -29.701 -24.153 -4.022 0.000 -27.554
ZINC02964333 -24.336 -21.537 0.511 0.000 -28.356
ZINC02964335 -30.425 -24.708 -2.428 0.000 -29.413
ZINC02968860 -26.600 -28.589 5.358 0.000 -31.106
ZINC02969652 -26.885 -23.290 -0.191 0.000 -25.799
ZINC02970514 -25.275 -23.806 -1.983 0.000 -27.934
ZINC02971173 -24.606 -22.766 -3.161 0.000 -30.917
ZINC02971488 -23.532 -18.058 -2.195 0.000 -27.669
ZINC02971528 -26.689 -18.138 -5.303 0.000 -27.865
ZINC02971548 -24.962 -20.084 -2.941 0.000 -29.228
ZINC02971631 -28.603 -25.027 -0.414 0.000 -28.572
ZINC02973924 -22.252 -16.176 -2.751 0.000 -23.906
ZINC02974042 -22.689 -19.154 -1.716 0.000 -23.841
ZINC02974050 -25.123 -18.998 -3.045 0.000 -28.563
ZINC02974103 -25.521 -24.551 2.203 0.000 -27.426
ZINC02976488 -24.611 -19.860 -1.518 0.000 -32.393
ZINC02976490 -26.816 -20.472 -3.110 0.000 -31.579
ZINC02976495 -27.944 -24.717 0.036 0.000 -28.494
ZINC02976497 -27.690 -19.874 -4.520 0.020 -29.842
ZINC02976503 -28.174 -18.135 -6.805 0.000 -29.346
ZINC03000786 -22.407 -19.102 0.047 0.000 -28.602
ZINC03000787 -26.587 -17.875 -5.449 0.000 -29.126
ZINC03013999 -25.332 -21.305 -0.745 0.000 -27.392
ZINC03017827 -17.214 -21.761 7.719 0.036 -32.559
ZINC03019694 -25.369 -19.869 -2.260 0.000 -25.665
ZINC03022668 -28.178 -23.688 -1.281 0.000 -30.331
ZINC03024493 -25.301 -19.471 -2.504 0.000 -27.605
ZINC03024599 -24.566 -19.494 -1.879 0.000 -27.448
ZINC03025365 -23.386 -21.806 1.802 0.000 -28.559
ZINC03028087 -25.776 -20.801 -1.680 0.000 -26.297
ZINC03028127 -26.105 -26.867 2.591 0.000 -28.516
ZINC03028130 -26.463 -25.977 -0.732 0.000 -29.000
ZINC03028137 -28.408 -31.460 4.844 0.000 -31.732
ZINC03037575 -22.686 -18.487 -0.817 0.000 -24.715
ZINC03050241 -28.968 -22.987 -2.588 0.000 -28.136
ZINC03052245 -21.681 -15.652 -2.683 0.000 -23.837
ZINC03058642 -27.306 -17.431 -6.509 0.000 -23.894
ZINC03065319 -22.322 -18.232 -0.713 0.000 -28.210
ZINC03065338 -25.382 -21.745 -0.452 0.000 -31.299
ZINC03082568 -19.570 -25.821 9.549 0.000 -30.404
ZINC03082570 -18.913 -18.036 2.533 0.000 -28.279
ZINC03084377 -28.552 -28.288 3.106 0.000 -32.879
ZINC03115151 -25.373 -22.411 0.434 0.000 -27.607
ZINC03115187 -22.504 -18.410 -0.679 0.000 -25.245
ZINC03115582 -24.222 -24.514 3.526 0.000 -28.528
ZINC03115594 -20.758 -16.355 -1.047 0.000 -23.301
ZINC03115624 -23.248 -17.889 -1.940 0.000 -26.463
ZINC03117113 -24.846 -25.442 0.096 0.000 -28.883
ZINC03142646 -19.929 -18.002 1.337 0.000 -27.192
ZINC03143062 -24.163 -21.674 0.772 0.000 -27.879
ZINC03177882 -23.121 -19.976 0.259 0.000 -28.068
ZINC03185446 -25.627 -23.380 1.018 0.000 -29.949
ZINC03187911 -34.408 -20.969 -10.069 0.000 -31.533
ZINC03189181 -23.473 -23.607 3.143 0.000 -29.709
ZINC03189182 -23.989 -23.221 1.222 0.000 -30.901
ZINC03189733 -30.227 -23.894 -2.947 0.000 -31.111
ZINC03192072 -28.058 -21.622 -3.151 0.000 -30.773
ZINC03199953 -23.723 -23.552 3.009 0.000 -30.327
ZINC03201007 -26.873 -25.257 1.754 0.000 -33.454
ZINC03201140 -25.273 -19.819 -2.608 0.000 -28.682
ZINC03205097 -26.284 -22.082 -0.924 0.000 -30.002
ZINC03207254 -26.344 -19.745 -3.246 0.000 -29.690
ZINC03213152 -25.965 -22.766 0.141 0.000 -30.922
ZINC03213155 -27.662 -21.682 -2.715 0.000 -30.867
ZINC03214268 -20.857 -20.481 2.848 0.012 -27.459
ZINC03214273 -20.538 -18.869 0.294 0.000 -27.649
ZINC03214806 -18.477 -17.132 1.933 0.000 -27.327
ZINC03214807 -22.332 -20.585 1.633 0.000 -30.711
ZINC03217225 -22.029 -20.203 1.541 0.000 -24.829
ZINC03217529 -20.878 -18.702 1.242 0.000 -28.977
ZINC03218052 -19.950 -17.340 0.544 0.063 -28.197
ZINC03220117 -23.441 -19.169 -0.887 0.000 -27.860
ZINC03220897 -28.559 -26.355 0.942 0.000 -30.803
ZINC03221010 -24.809 -19.842 -1.645 0.000 -29.622
ZINC03221173 -26.079 -23.963 1.109 0.000 -30.080
ZINC03222488 -29.219 -23.726 -2.244 0.000 -28.989
ZINC03224090 -25.615 -15.021 -7.221 0.000 -25.363
ZINC03226513 -24.914 -21.133 -0.467 0.000 -27.237
ZINC03230287 -29.724 -24.191 -2.151 0.000 -31.896
ZINC03230745 -23.006 -19.996 0.352 0.000 -28.240
ZINC03234542 -26.643 -21.127 -2.148 0.000 -27.678
ZINC03234641 -26.847 -22.904 -0.627 0.000 -32.599
ZINC03235781 -27.459 -25.006 0.710 0.000 -25.162
ZINC03236248 -27.461 -21.926 -2.333 0.000 -28.489
ZINC03236436 -16.968 -14.505 0.798 0.000 -28.905
ZINC03236709 -24.941 -21.095 -0.440 0.000 -27.488
ZINC03237303 -27.581 -23.539 -0.651 0.000 -29.576
ZINC03239519 -24.106 -20.283 -0.564 0.000 -26.702
ZINC03239595 -26.228 -21.613 -1.237 0.000 -31.256
ZINC03240410 -30.866 -24.284 -3.206 0.000 -30.081
ZINC03241058 -22.582 -17.191 -2.097 0.000 -28.188
ZINC03244512 -23.217 -19.851 -0.142 0.000 -29.833
ZINC03245246 -28.459 -21.243 -3.809 0.000 -30.043
ZINC03245257 -25.794 -22.661 -1.256 0.000 -29.951
ZINC03245748 -26.020 -24.912 2.145 0.000 -30.619
ZINC03245772 -25.048 -21.420 -0.448 0.000 -29.521
ZINC03249432 -32.139 -25.952 -2.940 0.000 -30.134
ZINC03250406 -23.183 -21.444 1.614 0.000 -25.079
ZINC03250602 -27.804 -22.778 -1.761 0.000 -26.903
ZINC03251159 -24.811 -20.840 -0.659 0.000 -21.755
ZINC03252835 -28.557 -21.001 -4.304 0.000 -29.229
ZINC03254942 -27.315 -19.002 -5.109 0.000 -27.230
ZINC03255213 -25.283 -19.320 -2.598 0.000 -32.094
ZINC03256435 -24.824 -21.728 0.203 0.000 -29.154
ZINC03258547 -32.566 -21.108 -8.088 0.000 -27.492
ZINC03258549 -22.597 -19.725 0.383 0.000 -27.936
ZINC03259615 -24.677 -19.083 -2.301 0.000 -25.039
ZINC03259617 -24.576 -20.819 -4.119 0.000 -25.483
ZINC03260203 -22.166 -22.522 3.582 0.000 -29.599
ZINC03262224 -20.317 -20.534 3.379 0.000 -28.005
ZINC03262860 -23.505 -20.938 0.691 0.000 -28.526
ZINC03267499 -24.896 -17.801 -3.833 0.000 -24.856
ZINC03269987 -25.609 -22.194 -0.067 0.000 -29.164
ZINC03274676 -24.705 -18.953 -2.565 0.000 -26.564
ZINC03275425 -23.273 -19.511 -0.469 0.000 -27.466
ZINC03277275 -22.978 -20.966 1.239 0.000 -28.367
ZINC03277276 -24.837 -21.526 0.084 0.000 -31.374
ZINC03279061 -28.504 -26.729 1.488 0.000 -28.725
ZINC03283041 -24.180 -20.989 0.057 0.000 -27.073
ZINC03286787 -22.754 -21.517 2.042 0.000 -24.323
ZINC03288563 -24.919 -22.949 1.275 0.000 -28.773
ZINC03292077 -27.405 -24.939 0.761 0.000 -26.188
ZINC03292078 -25.680 -22.396 0.059 0.000 -27.647
ZINC03292088 -22.509 -23.443 4.286 0.000 -33.226
ZINC03294718 -25.293 -20.365 -1.687 0.000 -27.567
ZINC03295127 -20.611 -22.840 4.197 0.000 -33.013
ZINC03297614 -23.156 -17.958 -2.583 0.000 -32.233
ZINC03298961 -24.428 -18.852 -2.192 0.000 -28.646
ZINC03298986 -23.814 -14.317 -6.167 0.000 -27.878
ZINC03299464 -26.014 -20.639 -3.392 0.000 -24.885
ZINC03302071 -22.697 -19.644 0.245 0.000 -25.858
ZINC03303691 -24.279 -22.053 0.955 0.000 -27.450
ZINC03305526 -20.434 -20.194 3.058 0.000 -30.380
ZINC03306811 -22.846 -21.972 2.432 0.000 -25.565
ZINC03309481 -31.696 -28.914 0.469 0.000 -33.687
ZINC03310165 -38.191 -21.484 -13.311 0.000 -27.177
ZINC03311491 -26.526 -21.411 -1.763 0.000 -27.721
ZINC03311951 -31.459 -22.082 -6.097 0.000 -28.706
ZINC03312848 -26.692 -22.617 -0.837 0.000 -27.381
ZINC03313351 -23.979 -16.135 -4.454 0.000 -29.535
ZINC03313353 -24.301 -19.169 -1.825 0.000 -26.372
ZINC03314880 -26.483 -22.064 -2.451 0.000 -30.082
ZINC03314946 -23.941 -17.874 -2.654 0.000 -25.758
ZINC03318195 -22.302 -18.898 -0.211 0.000 -32.672
ZINC03318439 -22.625 -20.583 1.261 0.000 -25.399
ZINC03320630 -31.179 -26.934 -0.995 0.000 -30.943
ZINC03322858 -27.519 -25.109 0.971 0.000 -29.509
ZINC03323077 -19.476 -18.417 2.137 0.000 -23.767
ZINC03323933 -20.082 -17.588 0.678 0.000 -22.379
ZINC03323935 -17.917 -22.286 3.676 0.037 -28.105
ZINC03328071 -28.368 -24.461 -0.755 0.000 -30.381
ZINC03330255 -20.636 -16.362 -0.982 0.000 -26.886
ZINC03334035 -23.503 -20.286 -1.268 0.000 -30.527
ZINC03336772 -29.568 -28.289 -1.722 0.000 -28.071
ZINC03339248 -26.825 -18.870 -4.685 0.000 -27.523
ZINC03340096 -26.431 -23.993 0.818 0.000 -28.397
ZINC03340948 -15.963 -18.472 5.791 0.000 -29.705
ZINC03340950 -21.855 -21.261 2.702 0.000 -30.052
ZINC03341949 -22.657 -18.402 -0.906 0.000 -26.007
ZINC03350721 -27.931 -22.490 -2.074 0.000 -31.034
ZINC03351976 -20.204 -19.913 1.686 0.000 -28.321
ZINC03351978 -24.753 -23.210 1.526 0.000 -27.137
ZINC03352054 -27.174 -21.424 -2.587 0.000 -30.753
ZINC03352396 -19.201 -19.280 3.445 0.000 -26.481
ZINC03355573 -20.941 -22.426 4.884 0.000 -27.957
ZINC03356068 -24.934 -19.308 -5.930 0.000 -30.269
ZINC03356516 -26.488 -21.780 -1.486 0.000 -30.988
ZINC03357926 -22.353 -20.276 1.286 0.000 -32.560
ZINC03358311 -18.107 -14.399 -0.519 0.000 -29.616
ZINC03358892 -21.278 -19.680 1.702 0.000 -25.296
ZINC03359437 -31.405 -27.014 -1.143 0.000 -31.009
ZINC03360088 -22.425 -20.293 1.102 0.000 -29.650
ZINC03360367 -24.885 -21.928 0.397 0.000 -31.008
ZINC03360915 -25.988 -22.910 0.199 0.000 -30.785
ZINC03364185 -29.475 -23.777 -3.744 0.000 -29.195
ZINC03364330 -33.282 -23.889 -6.081 0.000 -31.378
ZINC03367602 -26.748 -22.774 -0.657 0.000 -25.218
ZINC03368232 -25.583 -22.037 -0.217 0.000 -28.248
ZINC03368457 -23.505 -22.748 2.542 0.000 -26.713
ZINC03370924 -23.842 -21.104 0.441 0.000 -32.006
ZINC03372642 -23.736 -19.559 -0.930 0.000 -30.166
ZINC03372647 -28.268 -23.818 -1.225 0.000 -30.349
ZINC03376509 -35.620 -27.216 -5.447 0.000 -33.830
ZINC03378667 -25.668 -24.667 0.888 0.000 -31.694
ZINC03379206 -25.215 -22.073 0.157 0.000 -28.776
ZINC03383190 -22.254 -24.103 5.086 0.000 -31.242
ZINC03383770 -28.881 -23.156 -2.515 0.000 -30.995
ZINC03388457 -26.845 -23.340 -1.534 0.000 -30.327
ZINC03394668 -27.758 -22.015 -2.377 0.000 -31.353
ZINC03394796 -25.700 -19.664 -4.100 0.000 -28.085
ZINC03397241 -25.759 -19.878 -2.568 0.000 -31.010
ZINC03397351 -27.132 -21.053 -2.846 0.000 -26.014
ZINC03401712 -26.015 -23.146 0.525 0.000 -27.856
ZINC03402558 -30.103 -28.952 2.282 0.000 -31.359
ZINC03405725 -29.899 -26.761 0.150 0.000 -31.206
ZINC03408584 -25.005 -18.872 -2.842 0.000 -27.115
ZINC03412410 -25.860 -24.580 0.698 0.000 -30.308
ZINC03414651 -27.071 -22.628 -1.297 0.093 -25.098
ZINC03414654 -26.249 -22.128 -0.743 0.000 -28.696
ZINC03423513 -25.800 -23.549 1.113 0.000 -28.751
ZINC03426280 -20.965 -17.359 -0.356 0.000 -29.244
ZINC03426295 -30.784 -20.994 -6.493 0.000 -28.292
ZINC03427065 -25.697 -20.100 -2.393 0.000 -28.659
ZINC03428003 -24.203 -21.148 0.340 0.000 -27.071
ZINC03428438 -27.360 -23.104 -0.931 0.000 -28.190
ZINC03431256 -23.441 -19.306 -0.840 0.000 -25.221
ZINC03431302 -21.351 -18.123 0.102 0.000 -24.587
ZINC03431998 -21.313 -17.820 -0.087 0.000 -24.967
ZINC03432011 -19.616 -19.068 2.697 0.000 -28.540
ZINC03432014 -15.065 -15.079 3.374 0.000 -27.918
ZINC03432275 -24.330 -20.948 -0.083 0.000 -32.001
ZINC03432863 -27.290 -19.519 -4.485 0.000 -28.240
ZINC03433172 -25.491 -23.671 1.459 0.000 -31.984
ZINC03434086 -27.971 -24.019 -0.536 0.000 -27.878
ZINC03437895 -25.351 -20.677 -1.369 0.012 -27.708
ZINC03449885 -25.998 -25.118 2.552 0.000 -33.452
ZINC03454901 -24.068 -18.800 -1.978 0.000 -27.585
ZINC03454905 -25.901 -19.613 -3.070 0.000 -25.984
ZINC03454909 -29.343 -18.710 -7.291 0.000 -26.626
ZINC03465182 -20.635 -17.711 0.215 0.000 -26.371
ZINC03465189 -22.079 -17.767 -0.919 0.000 -25.673
ZINC03465195 -23.167 -22.004 1.979 0.000 -30.004
ZINC03465202 -20.972 -18.785 1.216 0.000 -30.084
ZINC03465208 -20.993 -17.672 -0.004 0.000 -26.761
ZINC03465215 -20.027 -17.488 0.692 0.000 -25.733
ZINC03465233 -23.070 -20.609 0.920 0.000 -31.556
ZINC03465237 -20.862 -20.638 2.889 0.000 -28.605
ZINC03465249 -20.705 -19.433 2.086 0.000 -30.129
ZINC03468577 -22.103 -19.743 0.906 0.000 -29.075
ZINC03468582 -24.330 -19.312 -1.772 0.000 -28.768
ZINC03477676 -21.672 -13.356 -4.951 0.000 -27.439
ZINC03478286 -27.635 -22.458 -2.432 0.000 -32.771
ZINC03486643 -24.517 -22.070 0.893 0.000 -26.790
ZINC03491142 -28.954 -24.383 -1.301 0.000 -29.335
ZINC03495698 -26.233 -20.415 -2.531 0.000 -26.088
ZINC03504558 -26.629 -15.491 -7.847 0.000 -28.891
ZINC03527986 -19.397 -15.707 -0.323 0.000 -28.604
ZINC03528552 -21.941 -19.557 0.889 0.000 -29.616
ZINC03565736 -20.482 -19.684 2.438 0.000 -30.703
ZINC03574158 -27.357 -21.006 -3.019 0.000 -27.403
ZINC03597876 -21.690 -19.056 0.709 0.000 -31.625
ZINC03613223 -25.727 -19.118 -3.379 0.000 -30.804
ZINC03618087 -26.197 -19.522 -3.255 0.000 -26.350
ZINC03626585 -27.426 -24.000 -0.096 0.000 -32.588
ZINC03627016 -29.998 -24.961 -1.805 0.000 -27.839
ZINC03632481 -26.506 -17.373 -5.797 0.000 -25.240
ZINC03632524 -24.715 -19.281 -2.156 0.000 -31.032
ZINC03632628 -24.431 -18.218 -2.919 0.000 -29.428
ZINC03632660 -25.375 -15.320 -6.804 0.000 -26.449
ZINC03632663 -24.926 -19.524 -2.188 0.000 -25.021
ZINC03632688 -24.509 -18.235 -3.470 0.000 -28.986
ZINC03632705 -24.192 -20.889 0.006 0.000 -27.867
ZINC03632710 -22.823 -18.361 -1.240 0.000 -26.331
ZINC03632724 -24.245 -18.712 -2.261 0.000 -25.708
ZINC03632731 -17.695 -14.944 0.511 0.000 -30.344
ZINC03635480 -18.841 -17.682 2.211 0.000 -27.961
ZINC03639629 -22.076 -19.528 0.782 0.000 -28.695
ZINC03644064 -21.644 -18.280 -0.134 0.003 -27.313
ZINC03664134 -23.866 -20.971 0.452 0.000 -29.741
ZINC03666674 -24.552 -17.594 -3.738 0.000 -25.066
ZINC03672006 -25.547 -15.316 -6.842 0.000 -30.698
ZINC03771889 -38.944 -20.470 -15.100 0.000 -31.870
ZINC03778216 -25.818 -19.298 -3.161 0.000 -25.965
ZINC03780342 -28.040 -13.896 -11.025 0.000 -25.781
ZINC03780346 -24.121 -16.903 -3.845 0.000 -26.704
ZINC03780362 -30.466 -24.359 -2.806 0.000 -29.912
ZINC03782709 -30.329 -22.517 -4.427 0.000 -30.560
ZINC03793210 -27.546 -25.312 1.140 0.000 -31.466
ZINC03795497 -31.552 -24.292 -3.963 0.000 -31.969
ZINC03799268 -29.696 -23.526 -2.923 0.000 -28.620
ZINC03799479 -23.329 -20.437 -0.970 0.000 -30.796
ZINC03801833 -25.483 -17.278 -4.849 0.000 -30.793
ZINC03803631 -23.221 -16.298 -3.660 0.000 -29.179
ZINC03803638 -26.097 -20.282 -2.648 0.000 -31.004
ZINC03804742 -25.503 -15.663 -6.415 0.000 -25.293
ZINC03805579 -22.991 -15.943 -3.641 0.000 -28.379
ZINC03805582 -21.246 -18.484 0.554 0.000 -30.360
ZINC03805585 -17.348 -17.845 3.756 0.000 -30.640
ZINC03805588 -22.764 -21.349 0.057 0.000 -32.269
ZINC03805592 -18.834 -13.351 -2.223 0.000 -28.867
ZINC03805940 -24.899 -21.031 -0.507 0.000 -26.868
ZINC03812228 -27.460 -21.776 -2.288 0.000 -29.639
ZINC03824520 -21.101 -16.918 -0.879 0.023 -26.347
ZINC03838297 -23.278 -20.022 0.048 0.000 -30.044
ZINC03839243 -26.253 -19.559 -3.457 0.001 -26.943
ZINC03839984 -32.214 -24.547 -4.382 0.000 -25.317
ZINC03841028 -28.682 -17.033 -8.391 0.000 -26.888
ZINC03842528 -21.038 -18.668 1.004 0.000 -31.482
ZINC03846620 -26.579 -22.081 -1.112 0.000 -26.540
ZINC03849434 -23.958 -16.049 -4.541 0.000 -23.229
ZINC03849762 -28.443 -21.116 -4.022 0.000 -31.234
ZINC03850256 -27.146 -19.171 -4.721 0.000 -24.018
ZINC03850351 -27.185 -18.928 -4.945 0.000 -26.397
ZINC03850354 -34.598 -16.563 -14.648 0.000 -26.242
ZINC03850417 -29.042 -22.585 -3.193 0.000 -24.957
ZINC03850818 -28.314 -22.841 -2.190 0.000 -31.563
ZINC03850924 -29.345 -22.703 -3.435 0.000 -26.108
ZINC03851309 -28.920 -25.916 -0.173 0.000 -33.311
ZINC03851341 -31.675 -29.095 0.725 0.000 -35.739
ZINC03851342 -28.353 -25.243 0.189 0.000 -27.920
ZINC03851555 -29.742 -27.309 0.850 0.000 -31.008
ZINC03851814 -25.364 -23.041 0.955 0.000 -33.359
ZINC03852032 -31.961 -29.834 1.189 0.000 -30.606
ZINC03852181 -21.301 -18.821 0.813 0.002 -27.194
ZINC03852232 -25.848 -22.856 0.306 0.000 -29.175
ZINC03852243 -23.657 -21.142 0.786 0.000 -26.301
ZINC03852281 -23.379 -20.612 0.519 0.000 -23.587
ZINC03852403 -30.955 -25.421 -2.210 0.000 -33.124
ZINC03852422 -24.630 -25.885 0.864 0.000 -29.936
ZINC03852800 -25.158 -19.986 -1.906 0.000 -25.433
ZINC03852945 -25.768 -18.880 -3.605 0.000 -25.486
ZINC03853009 -24.166 -21.636 0.811 0.000 -25.142
ZINC03853010 -26.222 -22.047 -0.827 0.000 -28.125
ZINC03853016 -21.833 -18.526 0.081 0.000 -25.040
ZINC03853017 -24.855 -20.740 -0.851 0.000 -23.761
ZINC03853018 -23.325 -18.962 -1.015 0.000 -29.482
ZINC03853019 -22.864 -15.914 -3.544 0.000 -24.679
ZINC03853314 -25.114 -20.106 -2.035 0.012 -26.669
ZINC03853494 -27.361 -23.021 -1.053 0.000 -29.819
ZINC03853513 -29.236 -23.205 -6.527 0.000 -28.946
ZINC03854059 -27.921 -26.596 0.579 0.000 -28.244
ZINC03854742 -26.664 -20.098 -3.211 0.000 -30.209
ZINC03854743 -24.899 -22.095 0.601 0.000 -26.766
ZINC03854744 -24.920 -21.933 0.305 0.000 -27.736
ZINC03854790 -23.752 -16.211 -4.215 0.000 -24.142
ZINC03855109 -28.816 -21.724 -3.690 0.000 -29.530
ZINC03855497 -25.991 -25.144 2.463 0.000 -28.424
ZINC03856220 -25.629 -19.781 -2.598 0.000 -30.022
ZINC03856221 -24.309 -17.816 -3.174 0.000 -31.216
ZINC03857364 -23.703 -21.390 1.057 0.000 -28.020
ZINC03857365 -22.091 -20.402 1.634 0.001 -25.301
ZINC03857366 -24.950 -16.695 -5.101 0.000 -26.003
ZINC03857370 -29.376 -22.659 -3.537 0.000 -27.524
ZINC03858046 -28.968 -26.637 0.807 0.000 -26.410
ZINC03858047 -30.027 -26.622 -0.794 0.000 -29.610
ZINC03858105 -23.375 -21.037 0.956 0.000 -30.075
ZINC03858546 -31.583 -23.827 -4.472 0.000 -28.865
ZINC03858564 -26.820 -26.278 2.695 0.000 -26.360
ZINC03858570 -29.846 -22.290 -4.262 0.000 -29.169
ZINC03858790 -24.904 -23.397 0.729 0.000 -27.454
ZINC03858791 -25.010 -20.555 -1.312 0.000 -26.704
ZINC03859012 -25.755 -24.878 2.441 0.000 -33.879
ZINC03859258 -27.804 -23.756 -0.780 0.000 -27.841
ZINC03859324 -27.620 -24.735 0.426 0.000 -28.889
ZINC03859801 -31.029 -24.005 -3.745 0.000 -27.370
ZINC03859865 -21.696 -18.413 -0.114 0.000 -31.192
ZINC03859878 -24.609 -19.146 -2.204 0.000 -27.496
ZINC03859908 -31.954 -25.033 -3.608 0.000 -27.864
ZINC03859942 -26.655 -22.722 -0.570 0.000 -29.822
ZINC03859949 -26.121 -21.119 -1.692 0.000 -27.055
ZINC03860058 -26.179 -23.530 0.654 0.000 -25.270
ZINC03860103 -22.721 -22.345 2.979 0.000 -27.721
ZINC03866727 -31.923 -25.776 -2.847 0.000 -27.378
ZINC03866745 -23.762 -26.174 5.799 0.000 -27.533
ZINC03866764 -24.191 -20.438 -0.720 0.336 -24.573
ZINC03866814 -20.389 -16.068 -0.968 0.000 -28.068
ZINC03866891 -22.468 -22.582 3.456 0.000 -31.559
ZINC03866892 -25.018 -24.371 2.771 0.000 -33.928
ZINC03866941 -19.693 -17.854 1.474 0.000 -28.790
ZINC03866952 -23.550 -24.140 3.797 0.000 -27.439
ZINC03866973 -22.135 -21.967 3.048 0.000 -30.514
ZINC03866979 -25.476 -17.805 -4.338 0.000 -29.347
ZINC03867016 -30.777 -22.716 -4.804 0.000 -26.463
ZINC03867017 -31.501 -22.182 -6.014 0.000 -25.995
ZINC03867045 -27.800 -24.836 0.203 0.000 -33.371
ZINC03867108 -28.294 -24.135 -0.866 0.000 -30.353
ZINC03867264 -28.170 -18.332 -6.485 0.000 -29.587
ZINC03867269 -41.552 -23.094 -15.183 0.000 -31.109
ZINC03867332 -20.439 -19.603 2.468 0.000 -31.019
ZINC03867374 -28.327 -23.567 -1.665 0.000 -31.993
ZINC03867375 -26.892 -25.365 -1.822 0.000 -31.473
ZINC03867435 -24.112 -21.537 0.831 0.000 -34.319
ZINC03867436 -23.933 -21.270 0.570 0.000 -28.393
ZINC03867612 -22.796 -18.355 -2.582 0.095 -31.198
ZINC03867793 -23.793 -23.268 2.256 0.000 -25.976
ZINC03868772 -27.161 -21.494 -2.393 0.006 -27.978
ZINC03883017 -29.485 -26.425 0.251 0.000 -33.849
ZINC03889394 -33.640 -25.406 -4.983 0.000 -29.764
ZINC03889395 -36.381 -28.014 -5.119 0.000 -30.732
ZINC03889599 -24.920 -19.009 -2.612 0.000 -26.310
ZINC03889600 -24.777 -16.806 -4.701 0.000 -27.977
ZINC03889675 -28.075 -22.891 -1.968 0.000 -30.477
ZINC03889740 -33.376 -23.769 -6.206 0.002 -27.337
ZINC03889754 -18.590 -12.385 -2.894 0.000 -25.108
ZINC03889853 -23.994 -18.322 -5.976 0.000 -28.566
ZINC03889855 -18.670 -20.792 4.087 0.000 -30.072
ZINC03889874 -27.742 -23.215 -1.268 0.000 -31.315
ZINC03889938 -28.165 -22.238 -2.610 0.000 -29.284
ZINC03890186 -25.309 -18.686 -3.323 0.000 -26.561
ZINC03890211 -25.501 -17.360 -4.733 0.000 -29.253
ZINC03890212 -22.044 -18.287 -0.488 0.000 -27.857
ZINC03890214 -21.632 -19.350 1.051 0.018 -27.749
ZINC03890343 -37.173 -19.241 -14.693 0.000 -33.206
ZINC03890344 -36.351 -15.778 -17.329 0.000 -29.868
ZINC03890940 -22.137 -16.714 -2.107 0.000 -27.910
ZINC03890964 -23.811 -19.306 -1.166 0.000 -32.259
ZINC03891022 -31.769 -27.528 -0.965 0.000 -28.139
ZINC03891162 -29.993 -25.065 -1.643 0.000 -31.695
ZINC03892565 -24.189 -22.240 1.332 0.000 -26.016
ZINC03892860 -35.686 -25.615 -6.760 0.000 -30.093
ZINC03892862 -23.561 -18.154 -2.177 0.000 -26.269
ZINC03892875 -25.259 -22.277 0.268 0.000 -31.682
ZINC03892881 -32.361 -28.015 -0.968 0.000 -29.584
ZINC03892903 -27.055 -25.944 1.969 0.000 -31.672
ZINC03892920 -27.235 -21.639 -2.355 0.000 -26.314
ZINC03892935 -27.215 -21.817 -3.423 0.000 -27.942
ZINC03892960 -24.435 -14.172 -6.968 0.000 -25.465
ZINC03892962 -25.106 -19.593 -5.932 0.000 -29.055
ZINC03892997 -23.800 -18.030 -2.530 0.000 -24.826
ZINC03913827 -25.094 -20.421 -1.346 0.000 -24.321
ZINC03915871 -24.006 -19.973 -0.785 0.000 -28.612
ZINC03916333 -30.717 -29.012 1.495 0.000 -32.039
ZINC03917815 -29.076 -22.003 -3.749 0.000 -28.413
ZINC03918902 -21.165 -18.088 0.260 0.000 -27.585
ZINC03918906 -25.968 -24.954 2.253 0.000 -29.201
ZINC03919168 -30.797 -22.310 -5.411 0.106 -28.538
ZINC03923561 -24.193 -16.550 -4.273 0.000 -30.121
ZINC03925855 -30.028 -27.974 -0.094 0.000 -34.486
ZINC03926127 -25.127 -20.962 -0.921 0.000 -25.973
ZINC03927802 -31.128 -26.741 -1.186 0.000 -31.724
ZINC03927804 -30.206 -29.873 3.061 0.000 -35.043
ZINC03929082 -25.630 -23.199 0.873 0.000 -30.742
ZINC03934216 -22.598 -22.048 2.657 0.000 -29.541
ZINC03935889 -21.838 -16.000 -2.489 0.000 -23.709
ZINC03936408 -27.399 -25.522 1.352 0.000 -27.739
ZINC03937005 -23.859 -21.392 0.769 0.000 -30.315
ZINC03937827 -26.653 -20.871 -2.552 0.000 -26.577
ZINC03939757 -21.943 -20.707 2.090 0.000 -35.222
ZINC03941395 -19.000 -18.482 2.761 0.000 -32.602
ZINC03942066 -27.426 -17.068 -7.015 0.000 -27.922
ZINC03942691 -29.327 -24.202 -1.857 0.000 -28.692
ZINC03943859 -29.404 -22.815 -3.308 0.000 -30.089
ZINC03943860 -31.798 -24.606 -4.011 0.000 -30.367
ZINC03943970 -25.211 -19.018 -2.785 0.000 -29.081
ZINC03944686 -24.573 -24.068 1.364 0.000 -35.702
ZINC03944689 -21.662 -16.785 -1.720 0.000 -32.544
ZINC03947386 -24.503 -25.609 4.477 0.000 -31.386
ZINC03957735 -28.620 -23.334 -1.919 0.000 -29.418
ZINC03962737 -26.160 -21.494 -2.724 0.000 -29.725
ZINC03964170 -26.471 -20.122 -2.963 0.000 -28.440
ZINC03965642 -22.506 -19.627 0.298 0.000 -29.267
ZINC03965643 -30.392 -22.555 -4.573 0.000 -27.597
ZINC03965654 -32.592 -25.611 -3.662 0.000 -33.253
ZINC03965655 -30.250 -23.489 -3.369 0.000 -32.045
ZINC03965658 -28.416 -22.048 -3.110 0.000 -30.872
ZINC03965695 -29.852 -21.488 -5.058 0.000 -28.091
ZINC03965697 -31.057 -21.417 -6.237 0.000 -24.278
ZINC03968036 -25.053 -20.390 -1.344 0.000 -30.757
ZINC03968039 -23.761 -21.568 1.191 0.000 -23.625
ZINC03968171 -28.399 -26.953 1.778 0.000 -28.553
ZINC03968441 -20.023 -17.808 1.176 0.000 -27.439
ZINC03968451 -24.401 -22.510 1.317 0.000 -27.565
ZINC03968522 -22.026 -16.908 -1.747 0.000 -28.508
ZINC03968523 -28.087 -20.489 -4.288 0.000 -30.282
ZINC03968524 -19.950 -14.233 -2.411 0.000 -22.577
ZINC03968586 -28.223 -23.098 -1.843 0.000 -30.203
ZINC03968658 -25.228 -19.219 -2.901 0.000 -27.542
ZINC03968977 -27.049 -23.878 -1.187 0.000 -27.878
ZINC03969156 -25.786 -22.692 0.092 0.000 -28.883
ZINC03969450 -28.363 -23.969 -1.101 0.000 -23.302
ZINC03969451 -31.028 -26.108 -1.603 0.000 -28.690
ZINC03969543 -25.606 -23.073 0.866 0.000 -27.205
ZINC03969716 -20.809 -19.929 2.290 0.000 -25.348
ZINC03969921 -25.595 -22.755 0.514 0.000 -28.667
ZINC03969922 -22.262 -16.436 -2.519 0.000 -25.721
ZINC03970221 -23.219 -21.635 1.767 0.000 -27.715
ZINC03970308 -20.396 -17.234 0.151 0.000 -27.634
ZINC03970560 -29.572 -23.494 -2.835 0.000 -28.544
ZINC03970623 -18.258 -14.924 -0.110 0.040 -26.744
ZINC03970653 -23.775 -22.773 2.301 0.000 -27.416
ZINC03970813 -27.880 -25.174 0.578 0.000 -28.664
ZINC03970814 -22.597 -21.570 2.220 0.000 -24.975
ZINC03970829 -21.596 -24.732 6.432 0.000 -28.664
ZINC03971516 -24.308 -18.802 -2.256 0.000 -26.104
ZINC03971601 -23.546 -17.840 -2.587 0.162 -25.852
ZINC03971602 -23.490 -17.379 -2.704 0.000 -25.915
ZINC03971670 -24.530 -21.536 0.329 0.000 -27.816
ZINC03971837 -22.076 -16.137 -4.268 0.000 -27.022
ZINC03971840 -19.373 -17.175 -0.356 0.000 -30.280
ZINC03971843 -21.846 -16.679 -1.957 0.000 -23.793
ZINC03971846 -23.412 -24.061 3.956 0.000 -29.890
ZINC03971945 -34.804 -27.140 -4.495 0.000 -30.389
ZINC03972432 -17.252 -15.240 1.288 0.000 -25.248
ZINC03972963 -20.505 -18.733 1.625 0.000 -27.933
ZINC03972967 -28.667 -24.864 -0.893 0.000 -29.072
ZINC03973006 -30.940 -27.083 -0.458 0.000 -32.151
ZINC03973073 -25.884 -23.100 0.573 0.000 -31.603
ZINC03973140 -28.041 -17.355 -7.326 0.000 -27.816
ZINC03973144 -25.626 -23.050 0.721 0.000 -30.332
ZINC03973169 -23.996 -19.652 -1.101 0.014 -25.791
ZINC03973236 -26.788 -23.718 0.148 0.000 -27.116
ZINC03973243 -30.100 -26.811 -0.000 0.000 -34.013
ZINC03973277 -25.940 -23.625 0.940 0.000 -23.816
ZINC03973307 -28.292 -24.103 -0.950 0.000 -28.493
ZINC03973316 -33.380 -23.114 -6.971 0.000 -27.965
ZINC03973338 -28.684 -23.108 -2.450 0.000 -27.668
ZINC03973350 -25.143 -20.574 -2.674 0.000 -25.417
ZINC03973358 -25.699 -17.750 -4.835 0.000 -27.512
ZINC03973405 -19.625 -15.612 -2.056 0.000 -29.018
ZINC03973414 -26.201 -21.861 -1.132 0.000 -29.773
ZINC03973532 -24.460 -20.290 -0.883 0.000 -26.230
ZINC03973555 -30.578 -20.179 -7.044 0.000 -31.304
ZINC03973566 -25.392 -23.487 0.955 0.000 -29.380
ZINC03973590 -33.686 -26.736 -3.633 0.000 -29.267
ZINC03973731 -21.176 -20.433 2.569 0.000 -28.566
ZINC03973739 -26.938 -22.725 -0.974 0.000 -32.227
ZINC03973825 -22.579 -21.267 1.947 0.000 -27.748
ZINC03973849 -23.963 -24.386 3.634 0.000 -28.563
ZINC03973899 -28.453 -21.169 -3.977 0.000 -25.511
ZINC03973986 -27.520 -24.407 0.017 0.000 -28.429
ZINC03973991 -26.122 -18.758 -4.129 0.000 -31.343
ZINC03974015 -26.415 -22.109 -1.015 0.000 -27.001
ZINC03974031 -23.583 -20.135 -0.435 0.000 -28.011
ZINC03974119 -26.418 -23.508 0.362 0.000 -31.674
ZINC03974136 -29.157 -15.901 -9.956 0.000 -24.434
ZINC03974161 -30.134 -27.306 0.479 0.000 -34.471
ZINC03974195 -22.620 -19.188 -0.169 0.000 -30.855
ZINC03974207 -27.382 -25.166 1.071 0.000 -30.951
ZINC03974249 -23.145 -18.715 -1.161 0.000 -27.371
ZINC03974253 -29.051 -20.886 -4.912 0.000 -25.841
ZINC03974982 -23.792 -16.359 -4.160 0.000 -28.824
ZINC03975521 -26.235 -24.436 1.439 0.000 -28.179
ZINC03975860 -23.673 -18.499 -1.765 0.000 -25.733
ZINC03975863 -27.660 -23.450 -0.885 0.000 -27.339
ZINC03975870 -24.391 -23.257 2.289 0.000 -31.590
ZINC03976455 -18.408 -18.778 3.650 0.000 -25.875
ZINC03976852 -26.627 -26.379 -0.560 0.000 -33.012
ZINC03976854 -25.410 -25.478 3.340 0.000 -31.136
ZINC03977055 -24.557 -22.856 1.613 0.000 -33.371
ZINC03977088 -25.066 -24.356 1.805 0.000 -31.365
ZINC03977093 -21.152 -19.081 1.043 0.000 -28.679
ZINC03977124 -28.952 -29.277 3.750 0.000 -30.744
ZINC03977152 -30.575 -26.746 -4.123 0.000 -29.755
ZINC03977173 -18.009 -18.227 3.512 0.000 -27.553
ZINC03977249 -28.308 -22.831 -2.225 0.000 -30.755
ZINC03977284 -30.271 -23.658 -3.333 0.000 -28.577
ZINC03977396 -24.652 -20.835 -0.491 0.001 -27.592
ZINC03977397 -23.570 -17.599 -2.652 0.000 -25.263
ZINC03977398 -22.361 -17.955 -1.106 0.008 -25.674
ZINC03977412 -29.486 -31.149 1.368 0.000 -31.038
ZINC03977431 -28.094 -23.873 -1.019 0.000 -25.251
ZINC03977469 -23.328 -22.647 2.527 0.000 -30.670
ZINC03977538 -18.417 -19.108 3.892 0.070 -27.748
ZINC03977553 -24.089 -20.277 -0.529 0.000 -27.192
ZINC03979776 -25.392 -22.467 0.354 0.000 -26.088
ZINC03979796 -25.368 -22.417 0.208 0.000 -22.435
ZINC03979813 -24.419 -19.093 -1.959 0.000 -26.223
ZINC03979895 -26.879 -22.617 -1.016 0.000 -27.193
ZINC03979896 -29.300 -22.016 -3.975 0.000 -26.617
ZINC03979940 -24.976 -21.415 -0.159 0.000 -27.926
ZINC03980019 -24.071 -14.790 -5.976 0.000 -25.570
ZINC03980055 -22.730 -19.355 -0.143 0.000 -28.508
ZINC03980073 -26.030 -21.721 -0.912 0.000 -26.560
ZINC03980199 -26.658 -23.271 -0.416 0.000 -27.802
ZINC03980200 -24.585 -17.040 -4.232 0.000 -25.526
ZINC03980426 -28.707 -16.539 -8.851 0.000 -30.527
ZINC03980730 -26.119 -23.348 0.488 0.000 -28.903
ZINC03983078 -34.628 -22.677 -8.658 0.000 -23.654
ZINC03983227 -26.244 -21.193 -1.772 0.000 -25.705
ZINC03983703 -22.338 -20.021 1.032 0.000 -24.134
ZINC03984317 -32.394 -22.542 -6.624 0.000 -31.942
ZINC03984344 -25.236 -24.009 2.036 0.000 -28.811
ZINC03984369 -29.527 -25.237 -0.966 0.000 -29.893
ZINC03984439 -26.197 -24.822 1.903 0.000 -28.295
ZINC03984490 -24.650 -24.251 2.997 0.000 -29.292
ZINC03984497 -27.141 -22.951 -0.842 0.000 -27.465
ZINC03984512 -26.493 -21.359 -1.745 0.000 -26.514
ZINC03984548 -32.529 -24.476 -4.823 0.000 -30.425
ZINC03984556 -25.455 -23.196 1.003 0.001 -29.809
ZINC03984558 -24.180 -17.505 -3.389 0.000 -27.256
ZINC03984573 -32.187 -27.418 -5.130 0.000 -33.582
ZINC03984575 -30.749 -27.603 0.164 0.000 -30.417
ZINC03984582 -23.377 -18.515 -1.469 0.000 -30.987
ZINC03984622 -24.620 -15.617 -5.752 0.000 -27.132
ZINC03984623 -21.402 -18.704 0.655 0.000 -29.988
ZINC03984630 -24.149 -22.102 1.179 0.000 -28.380
ZINC03984643 -26.839 -23.302 -0.193 0.000 -33.062
ZINC03984645 -26.834 -24.108 0.433 0.000 -29.925
ZINC03984648 -23.602 -24.113 0.176 0.000 -28.968
ZINC03984650 -26.616 -22.958 -0.431 0.000 -27.912
ZINC03984654 -29.137 -21.622 -4.306 0.000 -29.389
ZINC03984676 -24.482 -21.569 0.353 0.000 -29.986
ZINC03984693 -26.715 -19.775 -3.609 0.000 -30.923
ZINC03984696 -30.181 -25.899 -2.316 0.000 -29.685
ZINC03984706 -27.713 -23.189 -1.257 0.000 -30.588
ZINC03984728 -21.968 -17.967 -0.646 0.000 -29.953
ZINC03984746 -34.622 -27.333 -4.053 0.000 -31.858
ZINC03984749 -26.877 -23.828 0.290 0.000 -29.085
ZINC03984794 -25.602 -21.446 -1.007 0.000 -27.531
ZINC03984801 -33.162 -27.347 -2.551 0.000 -31.909
ZINC03986185 -23.177 -21.101 -0.130 0.000 -26.371
ZINC03986226 -21.425 -19.156 0.683 0.000 -26.075
ZINC03986422 -23.774 -16.951 -7.145 0.000 -27.833
ZINC03986648 -26.091 -22.071 -0.703 0.000 -31.135
ZINC03986668 -22.477 -21.267 2.189 0.000 -28.262
ZINC03986765 -23.419 -19.800 -0.376 0.025 -29.576
ZINC03986766 -29.065 -23.133 -2.630 0.000 -28.167
ZINC03986921 -27.619 -17.463 -6.908 0.000 -26.263
ZINC03986925 -28.371 -18.686 -6.381 0.000 -27.628
ZINC03987274 -22.910 -25.978 6.283 0.000 -31.194
ZINC03987279 -26.532 -26.115 2.727 0.000 -32.387
ZINC03987405 -27.769 -25.338 0.948 0.023 -32.206
ZINC03987410 -23.635 -20.897 0.488 0.000 -29.476
ZINC03987553 -27.184 -24.505 0.631 0.000 -30.810
ZINC03987778 -24.984 -16.530 -5.142 0.000 -28.166
ZINC03987826 -23.869 -14.400 -6.167 0.000 -26.800
ZINC03987827 -25.529 -19.973 -2.282 0.000 -32.676
ZINC03987861 -24.874 -16.260 -5.324 0.000 -28.660
ZINC03987862 -21.908 -19.415 0.701 0.000 -27.108
ZINC03987915 -34.119 -25.429 -5.512 0.000 -30.485
ZINC03987938 -25.950 -18.188 -4.325 0.000 -29.300
ZINC03987940 -22.323 -18.836 -0.218 0.000 -26.011
ZINC03987972 -20.569 -18.248 0.972 0.000 -29.976
ZINC03988058 -27.579 -21.777 -2.527 0.000 -29.294
ZINC03989354 -29.337 -23.507 -2.615 0.000 -26.355
ZINC03990180 -24.377 -22.372 1.091 0.000 -26.908
ZINC03990451 -16.568 -15.990 2.750 0.000 -28.815
ZINC03991031 -28.464 -23.296 -1.906 0.000 -29.761
ZINC03991072 -28.342 -27.674 2.437 0.000 -29.454
ZINC03991931 -31.313 -21.812 -6.184 0.000 -26.679
ZINC03991992 -42.286 -20.887 -17.983 0.000 -26.993
ZINC03991993 -42.727 -21.495 -17.957 0.000 -26.423
ZINC03991994 -41.432 -23.628 -14.568 0.000 -31.570
ZINC03992767 -26.501 -21.395 -1.699 0.000 -28.075
ZINC03992798 -29.585 -21.619 -4.731 0.000 -26.978
ZINC03992850 -27.132 -24.365 0.450 0.000 -29.637
ZINC03992880 -24.682 -21.842 0.463 0.006 -28.868
ZINC03992884 -24.216 -21.225 0.303 0.000 -29.817
ZINC03993016 -30.362 -20.636 -6.383 0.000 -26.284
ZINC03993065 -25.276 -20.250 -3.111 0.000 -24.220
ZINC03993066 -19.852 -17.735 1.214 0.009 -22.940
ZINC03993086 -30.354 -21.801 -5.212 0.000 -28.020
ZINC03994893 -25.930 -24.347 1.642 0.000 -26.846
ZINC03995537 -22.247 -18.604 -0.247 0.000 -26.974
ZINC03997165 -23.177 -21.899 1.940 0.000 -30.665
ZINC03997167 -23.875 -22.774 2.062 0.000 -24.944
ZINC03997750 -21.544 -16.834 -1.316 0.000 -25.750
ZINC03997755 -31.626 -27.705 -0.548 0.000 -25.445
ZINC03997900 -25.403 -23.476 1.359 0.000 -29.733
ZINC04000710 -28.224 -22.692 -2.112 0.000 -29.082
ZINC04000720 -30.935 -25.111 -2.577 0.000 -26.793
ZINC04000963 -26.204 -23.187 0.230 0.000 -27.945
ZINC04001230 -27.431 -25.770 1.695 0.000 -30.323
ZINC04001237 -27.266 -19.773 -4.281 0.000 -26.488
ZINC04003689 -26.718 -24.265 0.933 0.000 -26.529
ZINC04004646 -34.402 -25.248 -5.939 0.000 -29.740
ZINC04014618 -20.046 -17.053 0.383 0.000 -28.105
ZINC04015452 -23.799 -20.435 -0.137 0.000 -27.397
ZINC04016690 -23.760 -21.964 1.479 0.000 -27.000
ZINC04016692 -21.285 -18.917 0.991 0.000 -27.601
ZINC04016760 -23.322 -19.623 -0.399 0.000 -29.161
ZINC04017218 -25.226 -22.830 0.861 0.000 -28.737
ZINC04017847 -26.976 -19.811 -3.913 0.000 -24.851
ZINC04018592 -17.860 -14.038 -0.414 0.000 -28.569
ZINC04035817 -22.330 -17.513 -1.408 0.000 -25.634
ZINC04044580 -19.873 -13.082 -3.489 0.000 -26.518
ZINC04045764 -26.063 -25.916 3.116 0.000 -27.264
ZINC04056490 -25.652 -21.490 -1.118 0.000 -25.047
ZINC04056534 -27.196 -18.642 -6.716 0.000 -29.167
ZINC04063895 -20.397 -18.655 1.647 0.000 -26.397
ZINC04081297 -23.301 -13.827 -6.222 0.000 -24.673
ZINC04103381 -32.654 -29.444 -0.095 0.000 -31.468
ZINC04146236 -19.116 -22.457 6.640 0.000 -29.054
ZINC04146244 -18.005 -13.400 -1.503 0.000 -22.586
ZINC04146263 -22.413 -25.027 2.168 0.000 -32.317
ZINC04146270 -23.832 -15.030 -5.471 0.000 -25.752
ZINC04146315 -21.846 -12.747 -5.838 0.000 -26.140
ZINC04146347 -21.287 -20.935 3.039 0.000 -28.307
ZINC04186872 -24.994 -17.755 -4.009 0.000 -23.904
ZINC04189601 -25.588 -22.307 -0.007 0.000 -30.841
ZINC04191043 -27.126 -16.111 -7.729 0.000 -30.512
ZINC04191689 -26.786 -21.851 -1.635 0.000 -26.951
ZINC04192085 -26.974 -22.524 -1.197 0.000 -33.042
ZINC04214970 -19.780 -20.303 3.662 0.000 -28.766
ZINC04242180 -14.755 -14.686 3.296 0.000 -26.128
ZINC04301441 -24.253 -22.159 1.135 0.000 -27.854
ZINC04352851 -16.963 -12.007 -1.673 0.000 -27.631
ZINC04355508 -24.821 -18.182 -3.597 0.000 -32.792
ZINC04409367 -26.128 -22.000 -0.910 0.000 -28.912
ZINC04439387 -22.353 -15.500 -3.624 0.000 -27.821
ZINC04459640 -28.713 -25.203 -0.194 0.000 -30.274
ZINC04459647 -27.888 -26.181 1.632 0.000 -29.658
ZINC04460755 -25.232 -23.148 1.129 0.000 -26.535
ZINC04460757 -26.761 -20.963 -2.633 0.000 -31.146
ZINC04464119 -24.103 -17.995 -2.862 0.000 -24.143
ZINC04464775 -33.469 -24.588 -5.642 0.007 -28.574
ZINC04464778 -19.142 -11.821 -3.943 0.000 -24.336
ZINC04464811 -32.239 -26.163 -2.673 0.000 -27.922
ZINC04465060 -29.248 -26.861 -2.674 0.000 -30.962
ZINC04465226 -33.187 -27.744 -2.050 0.000 -28.412
ZINC04465250 -17.873 -18.364 3.458 0.000 -29.721
ZINC04465430 -27.516 -18.735 -5.393 0.000 -26.328
ZINC04465449 -24.496 -23.122 1.881 0.000 -29.871
ZINC04467604 -20.541 -14.995 -5.870 0.000 -27.201
ZINC04467657 -29.755 -22.272 -4.074 0.000 -31.684
ZINC04467668 -28.207 -24.009 -1.049 0.000 -29.191
ZINC04468263 -23.225 -16.911 -2.991 0.000 -26.034
ZINC04468358 -27.070 -22.664 -1.097 0.000 -28.307
ZINC04468582 -28.076 -24.464 -0.332 0.000 -29.005
ZINC04468592 -26.628 -20.204 -3.106 0.000 -29.834
ZINC04468663 -23.572 -17.372 -2.893 0.000 -27.791
ZINC04468693 -23.062 -26.211 6.426 0.000 -33.277
ZINC04469638 -19.418 -19.952 3.799 0.077 -26.756
ZINC04469742 -31.274 -28.868 0.897 0.000 -33.457
ZINC04470087 -24.280 -19.803 -1.064 0.000 -25.550
ZINC04470125 -25.154 -16.719 -5.124 0.000 -29.462
ZINC04517524 -18.519 -17.802 2.513 0.000 -23.605
ZINC04520836 -25.158 -19.620 -2.260 0.000 -28.899
ZINC04520843 -23.544 -20.043 -0.112 0.000 -28.907
ZINC04521996 -23.763 -30.401 9.697 0.000 -30.869
ZINC04521997 -23.323 -23.131 3.038 0.000 -28.206
ZINC04522004 -24.133 -22.293 0.120 0.000 -29.545
ZINC04522029 -27.322 -22.831 -1.301 0.000 -24.723
ZINC04522031 -26.449 -21.503 -1.539 0.000 -30.595
ZINC04522051 -23.666 -20.715 0.309 0.000 -26.974
ZINC04522056 -24.572 -19.774 -1.506 0.000 -26.280
ZINC04522058 -25.193 -23.161 1.311 0.000 -29.614
ZINC04522064 -27.180 -24.629 0.608 0.028 -30.178
ZINC04522065 -26.096 -23.725 0.969 0.000 -29.491
ZINC04522071 -27.048 -23.260 -0.543 0.000 -29.460
ZINC04522074 -24.460 -19.620 -3.046 0.000 -28.312
ZINC04522078 -23.442 -24.240 4.004 0.000 -25.472
ZINC04522089 -22.918 -19.594 -0.054 0.000 -25.617
ZINC04522100 -26.114 -19.406 -3.307 0.000 -28.162
ZINC04522102 -29.662 -23.426 -2.875 0.000 -30.158
ZINC04522115 -21.341 -17.513 -0.557 0.000 -27.566
ZINC04522122 -30.243 -23.234 -3.734 0.000 -31.039
ZINC04522126 -21.913 -22.686 3.951 0.000 -27.234
ZINC04522149 -26.565 -22.532 -1.017 0.000 -26.712
ZINC04522155 -23.752 -20.893 0.560 0.000 -28.536
ZINC04522181 -27.073 -18.577 -5.101 0.000 -24.904
ZINC04522187 -27.536 -22.722 -1.815 0.000 -27.809
ZINC04522207 -25.819 -21.331 -1.108 0.000 -30.410
ZINC04522288 -27.435 -24.048 -0.063 0.000 -27.113
ZINC04528696 -23.656 -23.071 2.611 0.000 -30.393
ZINC04528747 -22.774 -19.903 0.445 0.000 -26.206
ZINC04528938 -27.720 -25.175 0.754 0.000 -26.149
ZINC04529047 -26.596 -23.361 0.155 0.000 -29.245
ZINC04529401 -27.290 -23.464 -0.576 0.003 -27.532
ZINC04529413 -23.639 -20.795 0.377 0.000 -28.455
ZINC04529490 -27.442 -19.187 -4.999 0.000 -29.078
ZINC04593964 -27.528 -26.680 2.520 0.000 -30.879
ZINC04594488 -27.211 -22.416 -1.572 0.000 -29.511
ZINC04594750 -31.747 -23.086 -5.342 0.000 -34.439
ZINC04596600 -25.812 -23.689 1.227 0.000 -28.554
ZINC04606803 -26.565 -20.537 -2.740 0.000 -29.166
ZINC04606832 -28.043 -22.424 -2.351 0.000 -28.827
ZINC04608252 -26.404 -22.204 -0.851 0.000 -29.676
ZINC04618388 -28.312 -22.789 -2.265 0.000 -30.584
ZINC04618425 -25.788 -21.388 -1.023 0.000 -25.959
ZINC04621398 -28.215 -23.404 -1.708 0.000 -29.619
ZINC04622813 -30.448 -24.390 -2.652 0.000 -32.242
ZINC04622827 -25.588 -16.550 -5.782 0.000 -25.653
ZINC04627903 -21.410 -26.710 4.965 0.000 -29.849
ZINC04628151 -22.875 -22.413 2.826 0.000 -30.198
ZINC04632872 -24.679 -19.442 -1.823 0.000 -31.232
ZINC04633329 -26.529 -24.008 0.895 0.000 -31.143
ZINC04633336 -27.899 -22.276 -2.344 0.000 -30.127
ZINC04633338 -25.814 -22.524 -0.011 0.000 -27.316
ZINC04633566 -23.718 -20.355 0.005 0.000 -28.863
ZINC04633659 -28.917 -23.827 -1.691 0.000 -28.774
ZINC04633661 -22.570 -17.732 -1.533 0.000 -24.614
ZINC04633716 -23.626 -20.963 0.558 0.000 -27.765
ZINC04635464 -24.154 -19.667 -1.214 0.000 -29.143
ZINC04638704 -28.003 -25.842 1.125 0.000 -31.254
ZINC01484895 -32.181 -29.592 0.663 0.000 -29.273
ZINC03786324 -28.131 -21.216 -3.533 0.000 -27.026
ZINC03808264 -23.958 -20.635 0.059 0.000 -22.408
ZINC03815629 -21.175 -23.573 2.037 0.000 -33.064
ZINC03815630 -18.978 -22.765 -0.294 0.000 -31.960
ZINC03815631 -34.298 -29.148 -1.893 0.000 -30.719
ZINC03815632 -35.321 -30.655 -1.402 0.000 -29.924
ZINC03815633 -33.650 -26.147 -4.090 0.000 -25.579
ZINC03815634 -37.130 -31.733 -5.821 0.000 -30.900
ZINC03815635 -26.795 -24.086 0.606 0.000 -31.993
ZINC03815636 -29.731 -27.102 0.676 0.000 -31.880
ZINC03815637 -27.435 -26.955 2.759 0.000 -28.052
ZINC03815638 -27.648 -24.566 0.281 0.000 -25.631
ZINC03815639 -30.610 -31.874 2.397 0.000 -32.506
ZINC03815640 -34.191 -29.948 -1.009 0.000 -29.570
ZINC03815641 -28.462 -24.148 -1.090 0.000 -31.981
ZINC03815642 -27.091 -27.402 3.566 0.000 -34.329
ZINC03815643 -23.274 -25.322 5.338 0.000 -31.613
ZINC03815644 -33.643 -26.819 -3.560 0.000 -29.249
ZINC03815645 -31.824 -28.060 -1.768 0.000 -30.947
ZINC03815646 -25.297 -26.874 4.789 0.000 -30.293
ZINC03815647 -30.558 -26.792 -0.527 0.000 -25.238
ZINC03815648 -24.412 -25.456 4.332 0.003 -30.210
ZINC03815649 -21.876 -25.841 7.358 0.000 -31.526
ZINC03815650 -23.363 -22.817 2.782 0.000 -30.829
ZINC03815651 -25.595 -24.405 1.971 0.000 -31.164
ZINC03815652 -23.947 -23.057 2.314 0.000 -28.529
ZINC03815653 -33.394 -25.461 -4.935 0.000 -31.169
ZINC03815654 -27.595 -25.152 0.693 0.000 -25.501
ZINC03815655 -20.117 -19.128 1.742 0.000 -30.639
ZINC03831996 -32.723 -30.375 0.899 0.000 -31.628
ZINC03831999 -23.389 -20.930 0.906 0.000 -28.941
ZINC03832000 -31.106 -22.148 -5.700 0.000 -26.397
ZINC03833842 -28.326 -27.771 2.613 0.000 -33.266
ZINC03833843 -31.515 -29.741 1.488 0.000 -34.649
ZINC03833844 -27.763 -26.050 1.560 0.000 -31.356
ZINC03833845 -25.693 -26.998 4.556 0.000 -30.934
ZINC03833846 -28.551 -27.680 2.416 0.000 -32.497
ZINC03833847 -26.536 -20.251 -3.005 0.000 -30.447
ZINC03833848 -22.831 -19.852 0.332 0.000 -19.258
ZINC03833849 -22.629 -19.528 0.189 0.000 -26.344
ZINC03833850 -28.646 -20.828 -4.634 0.000 -25.071
ZINC03833851 -20.052 -17.906 1.164 0.000 -20.392
ZINC03833852 -24.252 -18.246 -2.776 0.000 -28.134
ZINC03833853 -26.214 -21.189 -1.788 0.000 -30.919
ZINC03833854 -32.347 -26.797 -2.302 0.000 -36.912
ZINC03833855 -26.729 -22.741 -0.691 0.000 -36.854
ZINC03833856 -33.231 -31.115 1.138 0.000 -36.910
ZINC03833857 -29.741 -26.144 -0.308 0.000 -34.243
ZINC03833858 -30.480 -30.500 1.717 0.000 -34.814
ZINC03833859 -27.457 -23.629 -0.623 0.011 -30.760
ZINC03833860 -27.320 -21.974 -2.047 0.000 -33.649
ZINC03833861 -28.517 -24.623 -0.529 0.000 -31.646
