3 1 2.82843 1
4.47214 1.41421 4 3.53553
2.23607 1.41421 2.82843 -0
2 2.23607 2.23607 -0
1.41421 4 5.09902 0.707107
2 4.12311 2.23607 4
1 2.23607 1.41421 2
1.41421 1.41421 1.41421 2
2 1 3 -0
1.41421 0 0 3
1.41421 4 3.60555 3.60555
3.16228 1.41421 4.12311 2
3.60555 2 2.23607 2.23607
1 2 2.82843 2
2.23607 1.41421 1.41421 1
1.41421 1 1.41421 -0
2 2.82843 1.41421 3
1.41421 2.23607 1 5
4.47214 2.23607 5.83095 3
1.41421 4.12311 4 2.12132
2.82843 1 2 2
2.82843 3 5.09902 3
1.41421 1 1 2
2 2.23607 1 3
1.41421 1 3.60555 3
1.41421 2.23607 2.23607 1
1 1 2.23607 4
4 1.41421 4.47214 4.47214
3.60555 3.16228 1.41421 3
3 2.23607 4.12311 -0.707107
4 1.41421 2 2
1 5.65685 3.16228 1
1 1 1.41421 2
3.60555 7.2111 4.47214 5
4 3.60555 6.08276 6.36396
