5.65685 2 6.40312 0.707107
2.23607 2.23607 2 2.82843
2.82843 5 1.41421 2.12132
2 2.82843 2 2.12132
3.60555 7 10.7703 -1
3.16228 3 4.12311 3
3 1.41421 1.41421 2
3.16228 2.23607 1.41421 2
0 1 2 1
1.41421 4.12311 5.09902 2
1 1.41421 3.16228 4.47214
4.47214 2 5.83095 4.12311
2.23607 3.16228 2 2.82843
1.41421 6.08276 9.05539 -0
2 1.41421 2 3
3.60555 3 3.16228 -1.41421
1 2.23607 1 4
2.82843 3 4 5
1 5 6.7082 6
2 1 3.60555 4.12311
5.09902 1 4.12311 2.23607
5 3.16228 3.60555 3
2.82843 2.82843 0 2
3.16228 2.23607 1.41421 1.41421
2.23607 2 1.41421 3
2 3.16228 3.16228 3
0 2.23607 1.41421 1
5.09902 6 2.82843 3
3.60555 4.12311 3.60555 2.82843
1 4.12311 1.41421 2
2 2.23607 2.23607 2.23607
1.41421 2.82843 1 1.41421
4 4.24264 7.61577 2
1 5.65685 6.7082 10.4403
8.60233 3.16228 6.7082 4.94975
