7.07107 3.16228 3.16228 1.41421
4.47214 1.41421 4.24264 5.65685
2.23607 1 1 1.41421
2 4.24264 1 -0.707107
5.09902 15.0333 18.4391 -3.53553
3.60555 1 3.60555 1
4.24264 2.82843 1 3.60555
3.60555 3.16228 1 2.23607
1 2.23607 5.38516 -0
3.16228 2 2.23607 1
0 4.47214 5 3.16228
1 4.12311 3 4.24264
1 0 3 2.12132
2.23607 2.23607 2.23607 2
1.41421 3 2.23607 3
1.41421 2.23607 1 -0
3 2 1 1
2 5.09902 4.12311 3
6.32456 2.23607 7.28011 6
2 3 1 2.12132
3 2.82843 1.41421 3
1 2.23607 3 4
1 2 2.23607 1.41421
1 2.23607 3.16228 3.16228
2 1.41421 4.12311 4.12311
4.12311 1 4.47214 3
1 3.16228 3.16228 2
1 5.09902 2.23607 0.707107
0 2.23607 2.23607 -0.707107
1.41421 1.41421 3 1
2.23607 4 4 4.24264
2.82843 3 2.23607 3.53553
4.47214 1.41421 3.60555 1.41421
3.16228 2.82843 3.16228 16
5.65685 1.41421 3.16228 7.81025
