4.24264 5 8.94427 3.16228
1 3.16228 2.23607 1.41421
4.12311 1 3.16228 -0
3.16228 1.41421 3.16228 1
3 3.60555 6.7082 -0.707107
2.23607 1.41421 3.16228 2.23607
2.23607 1 2.23607 1.41421
3.16228 2.23607 3 3
1 1 3.16228 3.60555
1 1 2.82843 4
1.41421 3.60555 1 3.16228
2.82843 2.23607 2.23607 2.82843
1.41421 2.82843 0 4.24264
1.41421 3.60555 3.60555 4
1 2 2 2
2 1 1 2.23607
4.47214 4.12311 2.82843 3.60555
2.23607 1.41421 2.23607 5
1 2.23607 2.23607 2
1 2.23607 2 4.24264
4 3.16228 1 3.16228
3.60555 2.23607 3.60555 2.23607
2.23607 4.47214 3.16228 1
4.24264 3 4.47214 2.82843
1 2.23607 0 3.16228
2 3 1.41421 4
3.16228 3 1.41421 1
3.16228 5 3.60555 1.41421
1.41421 4.12311 2.23607 -0
2 5 5.09902 2.82843
2 3 2.23607 2.82843
1.41421 1 2.82843 2.12132
1.41421 4.24264 2.23607 2.82843
2 2.23607 2.23607 21.0238
4.47214 0 2.82843 8.544
