8.24621 9.48683 3.16228 3
3.16228 1.41421 3 4.47214
1.41421 1 1.41421 1.41421
2.23607 2.23607 0 1.41421
1 7.81025 8.94427 2.82843
1 2.23607 3.16228 5
2.82843 1.41421 1.41421 3
2.23607 2 2.23607 1
3.60555 2.82843 7.28011 -0
2.82843 5 6.7082 1.41421
3 3.16228 4.24264 4
4 1.41421 3.60555 5.38516
0 2 1 2.82843
5.38516 1 5 3.16228
2.82843 3.16228 1.41421 2
1 3.16228 2.23607 -0
1.41421 3 2.23607 4.47214
4.47214 2.82843 2 5.38516
4 5.65685 3.16228 3.60555
2 2.82843 2 1.41421
1 3.16228 2 2.82843
1.41421 1 1 2.82843
2 1.41421 3 2.23607
3.16228 1.41421 0 2.12132
2 4.24264 3 4.12311
1.41421 5.38516 5 2
2.23607 3 1 1
1 2.82843 2.23607 2.82843
4 2.23607 1.41421 2.82843
2.23607 2 1 2.82843
2.23607 1 4.47214 1.41421
1.41421 4.12311 1 2
1.41421 2.23607 2.23607 2.82843
3.60555 2 4.47214 26.8328
6 1.41421 5.09902 7.2111
