7 1 6.08276 -0.707107
3.60555 3.16228 5.09902 -0
1.41421 1 1.41421 -0.707107
3.16228 2.82843 1.41421 -1
6.7082 1 7.61577 0.707107
2 1.41421 3.16228 -1
3.16228 2 4 1
5 2 3.16228 0.707107
2 1.41421 1.41421 -0
2.23607 4.24264 6.7082 2
2.23607 1.41421 2 -0
3.16228 5.65685 5 2.82843
1.41421 2.23607 2.23607 1.41421
3.16228 2.23607 1.41421 1.41421
5.65685 1.41421 4.12311 1
2.23607 1.41421 1.41421 0.707107
2.23607 2.23607 5.83095 3.16228
2.23607 3.16228 5 4
4.12311 3 6.7082 3
3.16228 2.23607 4.12311 1
6.08276 2.82843 6.08276 4.94975
5.09902 2.23607 7.2111 4
1 1 4 2
4.47214 2.23607 5 2
2.82843 1.41421 5.09902 -0
4.47214 3.16228 6.40312 4
5.09902 1 6.08276 4
2.82843 3.16228 5.83095 2.82843
5 2.82843 7.2111 2
1 2.23607 3.16228 0.707107
4.12311 2.82843 5.38516 3
1 1 1.41421 -0.707107
6.08276 1 3 0
27.2947 14.7648 10.2956 5
18.4391 6.08276 10.4403 29.4109
