12.1655 17.8885 5.65685 2.23607
2.23607 1.41421 3.60555 2.82843
2.23607 2 5.83095 1
2.23607 1 3 -0
6.32456 7.28011 12.53 0.707107
3.16228 1 4.24264 3
2.23607 2.23607 6 1
3 3.16228 5.38516 2
1 2 1.41421 -0
3.60555 2.23607 3.16228 2
2.23607 1.41421 2.23607 2
6.08276 4.47214 7.2111 4.12311
5 2 3.60555 2.12132
2.82843 3 2.23607 2
3.16228 3.16228 4 1
2.23607 2.23607 2 -1
0 2 3.60555 2
3.16228 2 5 4
3.60555 6 6.7082 4
4.47214 3 3.60555 -0
2 5 2.23607 2
3 3.60555 4.47214 1
2.23607 3.16228 4.24264 1.41421
4.12311 1.41421 4.12311 3.60555
2 3 4.12311 2
3.60555 2.23607 4.24264 4
2.23607 2.23607 4 2
2.23607 6.7082 4.47214 2.82843
2.23607 1 1 1
1 3.16228 6.08276 4.24264
2.23607 1.41421 1.41421 1
2.23607 2 2.23607 1.41421
1 1 2.23607 1.41421
2.23607 2.82843 2.82843 35.7351
2 2.23607 1 4.12311
