9.43398 1.41421 10.4403 1.41421
3.60555 2.23607 5 3.16228
4.12311 5.65685 1 2.82843
3 1.41421 2 2
11.6619 3.60555 12.6491 1
8.60233 3.16228 6.40312 4
5.38516 3 3.16228 4
3.16228 3.16228 3.16228 3
2.82843 2.82843 1.41421 -0.707107
1 6.08276 5 2
1 3.16228 2.23607 2
8.06226 3 5.09902 3.16228
5.83095 1.41421 6.32456 3.60555
4 1 6 3
5.09902 3 1.41421 3.60555
2.23607 1 1.41421 1.41421
2.23607 1.41421 1.41421 4
2 1 3.60555 3
3.16228 1 2.23607 5.09902
3.60555 4.47214 3.60555 -0
2.82843 1 3.16228 3.16228
6.32456 7.81025 4 2.82843
1.41421 1.41421 2 1
4.12311 2.23607 4 3.16228
2.23607 2.23607 4.47214 5
1 3.60555 4.24264 3.16228
5 3.16228 5 5
1 6.7082 5.09902 3.16228
3.16228 7.81025 8.06226 4.12311
1.41421 2.23607 1.41421 -0
2.82843 4.47214 4.12311 1
2 1.41421 2.23607 -0
4 4 6 2
6.08276 8.06226 10 34.176
5 2 4.12311 5.38516
