3.16228 4.12311 1.41421 1
6.40312 1.41421 6.08276 3.60555
4 2.82843 1 1.41421
1 1.41421 2 -0
3 3.16228 4.12311 2.23607
5 1 6 1.41421
2.23607 2 5 -1
2 3 3.16228 2
4.12311 1 4.24264 2
4.47214 5 5 4
4.47214 1 4.24264 1.41421
4.12311 2.23607 4.12311 1.41421
5.09902 5.38516 3.60555 2.23607
4.24264 3.16228 3.16228 2
2.23607 3.16228 3.60555 -0
1.41421 3.60555 3.16228 -0.707107
3 1 2.82843 1
4.12311 1 3.60555 4
4.12311 1.41421 4.12311 6
5.38516 3 6.08276 2.12132
6.40312 2 5.83095 3.16228
4.47214 3.60555 1 3
2.82843 2.23607 3 2
0 2.23607 3.16228 2.23607
1 2.82843 3 4
5 2.82843 2.23607 4
2 1 3 1
2.82843 2.23607 1 4.24264
6.40312 2.23607 7.2111 5
1.41421 2.23607 2.23607 -1.41421
3.16228 2.23607 1 1
1.41421 1 2 1
2.23607 0 2.23607 1.41421
8.48528 3.60555 8.94427 12.083
7.28011 1.41421 4.12311 20.0998
