3.60555 7.2111 5.65685 2
4.12311 2.23607 2.23607 2.82843
1.41421 0 1 1.41421
1 2 1 -0
7.28011 2.82843 10 1
2.23607 1.41421 1.41421 0.707107
1.41421 2 1.41421 3
2 3.60555 3.60555 2.23607
3.16228 0 4 -0
1 2 2.23607 3
1.41421 2.23607 2.23607 4.12311
0 1 2.23607 4.47214
1.41421 2.23607 0 3.16228
3.60555 4.47214 5.83095 1.41421
4.12311 4.12311 4.24264 2.23607
1.41421 2.23607 3.16228 -0
0 3.16228 4.12311 2
2.23607 2.82843 2.82843 2
3.16228 2 7.07107 4.12311
6.32456 3.16228 5.09902 3.53553
1.41421 1 2.23607 4.47214
1 1 1 0.707107
2 0 1.41421 0.707107
3 1 3.60555 3
2.23607 1 1 3
4 2.23607 5 6
5.83095 3 5 1
5 3 4 2
4.12311 2 2.23607 -0
2 3.60555 1 1
1.41421 2.23607 2.23607 1
2.23607 2.23607 2 0.707107
0 1.41421 1 -0
7.2111 2 9.21954 10.8167
6.40312 2 8.06226 17
