4.12311 6.7082 5 2
4 1 3.60555 2.82843
3.16228 3.16228 2 2
2.23607 2.23607 3.16228 2
6.08276 4.12311 5 -0.707107
3.60555 2 1 4
4.47214 3.16228 2.23607 5
2.23607 2 1.41421 2.23607
4.47214 5 2.23607 2
5.09902 5.09902 1 3
3 3.16228 2.82843 6
3.60555 3 2.82843 4.12311
5.09902 2.23607 4.12311 2
4 1.41421 1.41421 6
3 3.16228 1 3
2 1.41421 1.41421 2
2.82843 2.82843 2.82843 3
3 3.16228 4.24264 4
0 2.82843 1 3
3.60555 3 0 1.41421
2.23607 1 1 4
3.16228 3.16228 6 1
2.23607 2.82843 1.41421 1
4.47214 1.41421 4.24264 3
2.23607 3.60555 6.40312 2.23607
2.23607 1 3.60555 3
2 3 2 0.707107
1 1 1.41421 3
1.41421 3.16228 3 3
2.23607 1 2.23607 3
4 0 2.82843 2
4.12311 4.47214 1 3
2.23607 2.23607 2.82843 2
5 8.24621 5.83095 14.1421
4.47214 6.40312 3 5
