2 2.23607 1.41421 3.16228
1.41421 1 1.41421 2.82843
1 3 3.60555 2
4.12311 1 2.82843 -1
4.47214 4.12311 7.61577 -0.707107
2.23607 2 2.23607 2
4 6 5.38516 5
1 3.60555 3.16228 2
3 2 4.12311 -0
4.24264 7.2111 1.41421 1
2.23607 1 2.23607 4.12311
4.12311 3.16228 3 5.65685
2.23607 1 2 3.16228
3.60555 4.24264 1.41421 7.61577
2.23607 2.23607 1 3
3.60555 1.41421 4.12311 1
2 5 5.09902 1
4.12311 5.09902 4.24264 3.16228
2 2.82843 1.41421 4.47214
2 1 3 1.41421
4.47214 4.47214 2.23607 3.16228
2.23607 4.12311 1 2
2.82843 2.23607 3.60555 2
3.16228 3.60555 2.23607 3
1.41421 4.47214 1.41421 4
2.23607 4.47214 1.41421 3
1.41421 1 2.23607 2.82843
1.41421 1.41421 3 2.23607
2.23607 1 3.16228 4
2 1.41421 3.16228 1
5.09902 5 2.23607 2
2.23607 6.32456 6.32456 1
1 1.41421 1 1.41421
5 5.38516 2 10
6.08276 2.23607 5 5.65685
