5.65685 4 8.24621 4
5 1 3.60555 5.38516
2.23607 2.23607 1.41421 4
1.41421 1.41421 2.23607 1
6.08276 3.16228 9 0.707107
1.41421 1.41421 2.23607 6.7082
5.09902 6.32456 7.07107 8
3.16228 3.60555 2.23607 5.38516
3.60555 3.16228 2.23607 2
3.16228 5.83095 7.2111 1
2.82843 3.16228 4.12311 3.16228
2 2 2 5
2 2 2 5
3.60555 5.65685 5.09902 5
4.12311 1 4.12311 1.41421
3.60555 4.47214 4.12311 -2
1 3.16228 1 1.41421
2.82843 3.16228 1.41421 2.82843
2 2.23607 2.23607 3.16228
3.16228 2.23607 4.24264 1.41421
4.12311 1.41421 3 3
2.23607 1.41421 0 1
1.41421 1.41421 1.41421 -0
1.41421 2.23607 1 2
2.23607 2.23607 2 3
1 2 1.41421 1
1.41421 2 5.09902 1.41421
4.12311 1 5.09902 2.82843
1 2 3.60555 3
4.47214 1 6.32456 1
3.60555 3.60555 1 2
4.12311 3.60555 5 2
3.60555 2.23607 1.41421 2.82843
2 10.198 8.24621 8
2.23607 2.82843 2 7.81025
