2.82843 2.23607 2.23607 2
3 1 2.23607 2.82843
1.41421 2.23607 1 1
1.41421 3 2.82843 1
2.82843 2.82843 2 2
5.09902 3 3.16228 2.23607
4.24264 5.38516 2.23607 5
1 1 1 4
3.16228 1 4.47214 2.23607
3.60555 6.08276 8.24621 3
2.23607 7.07107 9.21954 2
4.12311 8.06226 3.60555 3.53553
7.2111 3 7.07107 6.7082
2.23607 2.23607 3 6
6.08276 4.24264 5.65685 3
1.41421 1 2.23607 -0
2.82843 2.23607 4.12311 3
2.23607 2 2.23607 4
1.41421 5.38516 5.38516 3.16228
2.23607 2.23607 1 0.707107
4.47214 2.23607 5 6
3 2.23607 7.07107 -0
0 0 1 2
2 1 1 5
2.82843 2 1.41421 6
2.23607 3.60555 1.41421 5
2.23607 3 2 2.82843
4.12311 1.41421 6.08276 3
2.82843 2.82843 2.23607 3.16228
1 4.12311 2.23607 3
2.23607 4.24264 3.60555 1
2.23607 2.23607 2.23607 5.09902
2.23607 1.41421 1.41421 4
11.0454 12.2066 8 24
7 6.08276 1.41421 9.21954
