3.60555 0 1.41421 3
7.07107 5 3.60555 4.94975
1 4.12311 3 2.82843
0 5 2.23607 1
5 5.09902 9.84886 0.707107
0 4.12311 3 3.60555
3.16228 2.82843 5.09902 1
5 1.41421 3.60555 2
3.60555 4.47214 8.06226 3.16228
1 3 2.82843 3
2.82843 5 9.43398 4
2 3 3.16228 3.60555
1 4.12311 3.16228 3.16228
6 2.23607 7.28011 4
2 2.82843 4.47214 2.23607
0 4.12311 3.16228 -2
1 0 1.41421 4
2.82843 3.60555 5.38516 5
2 2.82843 1 4
1.41421 4.47214 3.16228 1
1.41421 2.23607 1 3.60555
2.23607 0 3.16228 3
2.23607 2 3.60555 1
4 2 3.16228 3
0 1.41421 1 3
2.23607 4.47214 2 4
4 4.24264 3.60555 1.41421
0 6.40312 5.65685 5.38516
2.23607 2.82843 2.23607 5.38516
2 6.40312 7.28011 1
3 3.16228 3.60555 2
1 3.16228 3 3
2.82843 2.23607 2.23607 1
4.47214 10.6301 8.60233 14.1421
2 2.23607 3.60555 40.05
