0.00000 0.20000
0.08509 0.35680
0.17035 0.48800
0.25492 0.60640
0.33558 0.69280
0.41541 0.76160
0.49025 0.81280
0.55987 0.86240
0.62616 0.89600
0.68349 0.93120
0.73538 0.95520
0.78247 0.96640
0.82377 0.98240
0.86051 0.98880
0.89051 0.99200
0.91448 0.99520
0.93518 0.99680
0.95171 1.00000
0.96545 1.00000
0.97548 1.00000
0.98302 1.00000
0.98860 1.00000
0.99216 1.00000
0.99510 1.00000
0.99703 1.00000
0.99824 1.00000
0.99896 1.00000
0.99951 1.00000
0.99967 1.00000
0.99987 1.00000
0.99993 1.00000
0.99997 1.00000
1.00000 1.00000
1.00000 1.00000
