0.000000
0.000000
0.000000
0.000000
0.000000
0.000000
0.000000
0.000000
0.000000
0.000000
0.000000
0.000000
0.000000
0.000000
0.000000
0.000000
0.000000
0.000000
0.000000
0.000000
0.000000
0.000000
0.000000
0.000000
0.000000
0.000000
0.000000
0.000000
0.000000
0.000000
0.000000
0.000000
0.000000
0.000000
0.000000
0.000000
0.000000
0.000000
0.000000
0.000000
0.000000
0.000000
0.000000
0.000000
0.000000
0.000000
0.000000
0.000000
0.000000
0.000000
0.000000
0.000000
0.000000
0.000000
0.000000
0.000000
0.000000
0.000000
0.000000
0.000000
0.000000
0.000000
0.000000
0.000000
0.000000
0.000000
0.000000
0.000000
0.000000
0.000000
0.000000
0.000000
0.000000
0.000000
0.000000
0.000000
0.000000
0.000000
0.000000
0.000000
0.000000
0.000000
0.000000
0.000000
0.000000
0.000000
0.000000
0.000000
0.000000
0.000000
0.000000
0.000000
0.000000
0.000000
0.000000
0.000000
0.000000
0.000000
0.000000
0.000000
0.000000
0.000000
0.000000
0.000000
0.000000
0.000000
0.000000
0.000000
0.000000
0.000000
0.000000
0.000000
0.000000
0.000000
0.000000
0.000000
0.000000
0.000000
0.000000
0.000000
0.000000
0.000000
0.000000
0.000000
0.000000
0.000000
0.000000
0.000000
0.000000
0.000000
0.000000
0.000000
0.000000
0.000000
0.000000
0.000000
0.000000
0.000000
0.000000
0.000000
0.000000
0.000000
0.000000
0.000000
0.000000
0.000000
0.000000
0.000000
0.000000
0.000000
0.000000
0.000000
0.000000
0.000000
0.000000
0.000000
0.000000
0.000000
0.000000
0.000000
0.000000
0.000000
0.000000
0.000000
0.000000
0.000000
0.000000
0.000000
0.000000
0.000000
0.000000
0.000000
0.000000
0.000000
0.000000
0.000000
0.000000
0.000000
0.000000
0.000000
0.000000
0.000000
0.000000
0.000000
0.000000
0.000000
0.000000
0.000000
0.000000
0.000000
0.000000
0.000000
0.000000
0.000000
0.000000
0.000000
0.000000
0.000000
0.000000
0.000000
0.000000
0.000000
0.000000
0.000000
0.000000
0.000000
0.000000
0.000000
0.000000
0.000000
0.000000
0.000000
0.000000
0.000000
0.000000
0.000000
0.000000
0.000000
0.000000
0.000000
0.000000
0.000000
0.000000
0.000000
0.000000
0.000000
0.000000
0.000000
0.000000
0.000000
0.000000
0.000000
0.000000
0.000000
0.000000
0.000000
0.000000
0.000000
0.000000
0.000000
0.000000
0.000000
0.000000
0.000000
0.000000
0.000000
0.000000
0.000000
0.000000
0.000000
52.299600
52.299600
66.687700
66.687700
79.650800
79.650800
90.995900
90.995900
120.819000
120.819000
185.194000
185.194000
190.526000
190.526000
190.573000
190.573000
203.273000
203.273000
222.041000
222.041000
242.757000
242.757000
280.840000
280.840000
383.080000
383.080000
400.726000
400.726000
504.682000
504.682000
560.927000
560.927000
565.325000
565.325000
569.051000
569.051000
590.587000
590.587000
655.096000
655.096000
661.731000
661.731000
672.560000
672.560000
692.533000
692.533000
699.015000
699.015000
710.083000
710.083000
715.119000
715.119000
715.148000
715.148000
753.830000
753.830000
766.219000
766.219000
785.854000
785.854000
829.133000
829.133000
857.314000
857.314000
929.691000
929.691000
952.092000
952.092000
1008.680000
1008.680000
1052.590000
1052.590000
1069.860000
1069.860000
1071.180000
1071.180000
1124.210000
1124.210000
1138.060000
1138.060000
1154.560000
1154.560000
1217.260000
1217.260000
1241.270000
1241.270000
1267.250000
1267.250000
1316.120000
1316.120000
1421.520000
1421.520000
1452.440000
1452.440000
1462.040000
1462.040000
1472.060000
1472.060000
1492.250000
1492.250000
1523.250000
1523.250000
1545.510000
1545.510000
1566.610000
1566.610000
1606.130000
1606.130000
1643.120000
1643.120000
1726.540000
1726.540000
1770.590000
1770.590000
1784.060000
1784.060000
1793.890000
1793.890000
1906.790000
1906.790000
1939.630000
1939.630000
1950.030000
1950.030000
1987.740000
1987.740000
2011.410000
2011.410000
2029.350000
2029.350000
2083.370000
2083.370000
2094.630000
2094.630000
2129.880000
2129.880000
2147.030000
2147.030000
2148.050000
2148.050000
2169.710000
2169.710000
2216.070000
2216.070000
2249.600000
2249.600000
2292.840000
2292.840000
2295.550000
2295.550000
2296.440000
2296.440000
2354.000000
2354.000000
2359.600000
2359.600000
2377.740000
2377.740000
2390.770000
2390.770000
2433.840000
2433.840000
2520.290000
2520.290000
2559.190000
2559.190000
2621.040000
2621.040000
2646.830000
2646.830000
2693.110000
2693.110000
2716.060000
2716.060000
2723.160000
2723.160000
2778.520000
2778.520000
2783.540000
2783.540000
2789.340000
2789.340000
2799.670000
2799.670000
2841.010000
2841.010000
2864.010000
2864.010000
2868.290000
2868.290000
2950.390000
2950.390000
2960.750000
2960.750000
2973.000000
2973.000000
3004.080000
3004.080000
3067.120000
3067.120000
3118.190000
3118.190000
3186.110000
3186.110000
3233.550000
3233.550000
3283.040000
3283.040000
3313.370000
3313.370000
3361.800000
3361.800000
3455.070000
3455.070000
3484.030000
3484.030000
3486.100000
3486.100000
3684.130000
3684.130000
3736.700000
3736.700000
3754.020000
3754.020000
3784.660000
3784.660000
3833.960000
3833.960000
3835.040000
3835.040000
3839.620000
3839.620000
3887.440000
3887.440000
3899.180000
3899.180000
4019.060000
4019.060000
4029.340000
4029.340000
4033.550000
4033.550000
4056.610000
4056.610000
4077.050000
4077.050000
4096.730000
4096.730000
4130.170000
4130.170000
4159.590000
4159.590000
4160.050000
4160.050000
4256.070000
4256.070000
4301.030000
4301.030000
4345.140000
4345.140000
4378.200000
4378.200000
4491.140000
4491.140000
4517.270000
4517.270000
4538.540000
4538.540000
4592.820000
4592.820000
4594.130000
4594.130000
4634.570000
4634.570000
4658.240000
4658.240000
4678.640000
4678.640000
4679.420000
4679.420000
4755.540000
4755.540000
4768.610000
4768.610000
4804.470000
4804.470000
4812.680000
4812.680000
4814.550000
4814.550000
4816.090000
4816.090000
4888.510000
4888.510000
4919.150000
4919.150000
4937.730000
4937.730000
5022.120000
5022.120000
5031.100000
5031.100000
5092.300000
5092.300000
5129.030000
5129.030000
5166.650000
5166.650000
5254.860000
5254.860000
5280.970000
5280.970000
5288.560000
5288.560000
5302.880000
5302.880000
5311.550000
5311.550000
5314.140000
5314.140000
5337.050000
5337.050000
5347.000000
5347.000000
5361.520000
5361.520000
5364.080000
5364.080000
5402.710000
5402.710000
5460.190000
5460.190000
5525.550000
5525.550000
5529.740000
5529.740000
5541.390000
5541.390000
5544.760000
5544.760000
5610.810000
5610.810000
5642.510000
5642.510000
5644.100000
5644.100000
5671.050000
5671.050000
5672.600000
5672.600000
5733.690000
5733.690000
5857.610000
5857.610000
5954.520000
5954.520000
5970.610000
5970.610000
5991.190000
5991.190000
6064.100000
6064.100000
6117.590000
6117.590000
6119.150000
6119.150000
6121.530000
6121.530000
6138.280000
6138.280000
6148.590000
6148.590000
6155.570000
6155.570000
6235.670000
6235.670000
6251.560000
6251.560000
6295.080000
6295.080000
6305.190000
6305.190000
6327.060000
6327.060000
6409.620000
6409.620000
6420.020000
6420.020000
6460.550000
6460.550000
6576.120000
6576.120000
6586.070000
6586.070000
6643.100000
6643.100000
6686.390000
6686.390000
6698.590000
6698.590000
6793.570000
6793.570000
6848.340000
6848.340000
6880.690000
6880.690000
7016.690000
7016.690000
7056.540000
7056.540000
7066.070000
7066.070000
7069.640000
7069.640000
7090.240000
7090.240000
7147.540000
7147.540000
7162.200000
7162.200000
7194.000000
7194.000000
7357.610000
7357.610000
7363.130000
7363.130000
7379.530000
7379.530000
7395.020000
7395.020000
7408.010000
7408.010000
7413.030000
7413.030000
7485.570000
7485.570000
7505.520000
7505.520000
7558.920000
7558.920000
7571.030000
7571.030000
7630.070000
7630.070000
7634.550000
7634.550000
7684.400000
7684.400000
7706.990000
7706.990000
7754.070000
7754.070000
7828.080000
7828.080000
7856.130000
7856.130000
7897.840000
7897.840000
7907.010000
7907.010000
7922.660000
7922.660000
7970.020000
7970.020000
7986.040000
7986.040000
8084.550000
8084.550000
8144.080000
8144.080000
8148.030000
8148.030000
8169.160000
8169.160000
8296.610000
8296.610000
8421.080000
8421.080000
8428.840000
8428.840000
8432.510000
8432.510000
8474.510000
8474.510000
8713.340000
8713.340000
8765.820000
8765.820000
8767.720000
8767.720000
8768.060000
8768.060000
8772.570000
8772.570000
8831.560000
8831.560000
8838.580000
8838.580000
8883.210000
8883.210000
8887.510000
8887.510000
8938.520000
8938.520000
8951.410000
8951.410000
8994.520000
8994.520000
9024.650000
9024.650000
9072.050000
9072.050000
9089.740000
9089.740000
9156.560000
9156.560000
9177.340000
9177.340000
9234.180000
9234.180000
9294.550000
9294.550000
9417.590000
9417.590000
9447.590000
9447.590000
9448.580000
9448.580000
9511.600000
9511.600000
9585.030000
9585.030000
9632.370000
9632.370000
9635.060000
9635.060000
9679.020000
9679.020000
9749.590000
9749.590000
9755.020000
9755.020000
9790.530000
9790.530000
9934.600000
9934.600000
9935.650000
9935.650000
10035.500000
10035.500000
10069.100000
10069.100000
10135.000000
10135.000000
10283.500000
10283.500000
10325.000000
10325.000000
10328.500000
10328.500000
10473.000000
10473.000000
10486.100000
10486.100000
10551.200000
10551.200000
10557.600000
10557.600000
10565.600000
10565.600000
10589.500000
10589.500000
10744.700000
10744.700000
10756.200000
10756.200000
10869.100000
10869.100000
10898.600000
10898.600000
10904.500000
10904.500000
10970.600000
10970.600000
11024.800000
11024.800000
11134.600000
11134.600000
11150.100000
11150.100000
11266.600000
11266.600000
11305.100000
11305.100000
11316.000000
11316.000000
11433.000000
11433.000000
11443.100000
11443.100000
11447.500000
11447.500000
11492.100000
11492.100000
11524.500000
11524.500000
11542.000000
11542.000000
11727.600000
11727.600000
11899.100000
11899.100000
11915.400000
11915.400000
11942.500000
11942.500000
12062.100000
12062.100000
12178.900000
12178.900000
12217.000000
12217.000000
12228.000000
12228.000000
12233.800000
12233.800000
12275.100000
12275.100000
12295.600000
12295.600000
12334.100000
12334.100000
12368.600000
12368.600000
12576.100000
12576.100000
12597.500000
12597.500000
12607.500000
12607.500000
12634.000000
12634.000000
12778.600000
12778.600000
12861.100000
12861.100000
13005.600000
13005.600000
13011.100000
13011.100000
13057.200000
13057.200000
13220.500000
13220.500000
13341.100000
13341.100000
13348.500000
13348.500000
13399.100000
13399.100000
13463.600000
13463.600000
13472.000000
13472.000000
13529.200000
13529.200000
13652.600000
13652.600000
13737.200000
13737.200000
13839.800000
13839.800000
13940.600000
13940.600000
13981.000000
13981.000000
14054.100000
14054.100000
14079.600000
14079.600000
14131.300000
14131.300000
14213.500000
14213.500000
14243.700000
14243.700000
14356.100000
14356.100000
14380.000000
14380.000000
14464.100000
14464.100000
14515.600000
14515.600000
14605.200000
14605.200000
14733.600000
14733.600000
14760.000000
14760.000000
14767.000000
14767.000000
15003.100000
15003.100000
15025.000000
15025.000000
15028.600000
15028.600000
15100.000000
15100.000000
15178.200000
15178.200000
15382.500000
15382.500000
15649.600000
15649.600000
15664.200000
15664.200000
15689.000000
15689.000000
15753.600000
15753.600000
15872.600000
15872.600000
16009.600000
16009.600000
16037.100000
16037.100000
16053.200000
16053.200000
16092.900000
16092.900000
16191.100000
16191.100000
16372.500000
16372.500000
16406.100000
16406.100000
16503.100000
16503.100000
16641.600000
16641.600000
16707.500000
16707.500000
16715.100000
16715.100000
16736.100000
16736.100000
16807.100000
16807.100000
17053.000000
17053.000000
17216.100000
17216.100000
17306.100000
17306.100000
17390.500000
17390.500000
17639.000000
17639.000000
17697.900000
17697.900000
17738.100000
17738.100000
17779.000000
17779.000000
18223.500000
18223.500000
18235.000000
18235.000000
18285.600000
18285.600000
18351.100000
18351.100000
18372.500000
18372.500000
18463.100000
18463.100000
18497.500000
18497.500000
18622.100000
18622.100000
18836.600000
18836.600000
19119.100000
19119.100000
19192.600000
19192.600000
19211.600000
19211.600000
19286.600000
19286.600000
19302.000000
19302.000000
19453.000000
19453.000000
19502.000000
19502.000000
19633.100000
19633.100000
19640.000000
19640.000000
19658.600000
19658.600000
19929.100000
19929.100000
20061.700000
20061.700000
20117.500000
20117.500000
20162.500000
20162.500000
20298.300000
20298.300000
20306.500000
20306.500000
20348.000000
20348.000000
20432.000000
20432.000000
20439.500000
20439.500000
20754.200000
20754.200000
20891.500000
20891.500000
20940.000000
20940.000000
21018.500000
21018.500000
21132.100000
21132.100000
21221.000000
21221.000000
21289.600000
21289.600000
21590.200000
21590.200000
21611.000000
21611.000000
21720.000000
21720.000000
21896.000000
21896.000000
22045.000000
22045.000000
22146.000000
22146.000000
22159.100000
22159.100000
22230.000000
22230.000000
22377.000000
22377.000000
22568.600000
22568.600000
22642.000000
22642.000000
22676.500000
22676.500000
22688.600000
22688.600000
23361.100000
23361.100000
23539.100000
23539.100000
23885.600000
23885.600000
23977.100000
23977.100000
24019.100000
24019.100000
24026.600000
24026.600000
24210.100000
24210.100000
24308.500000
24308.500000
24390.500000
24390.500000
24395.500000
24395.500000
24592.100000
24592.100000
24740.600000
24740.600000
24799.600000
24799.600000
24948.100000
24948.100000
24969.600000
24969.600000
25005.500000
25005.500000
25209.600000
25209.600000
25433.100000
25433.100000
25497.100000
25497.100000
26040.100000
26040.100000
26193.100000
26193.100000
26287.000000
26287.000000
26385.500000
26385.500000
26417.100000
26417.100000
26742.000000
26742.000000
26848.100000
26848.100000
27034.200000
27034.200000
27141.600000
27141.600000
27503.100000
27503.100000
27520.600000
27520.600000
28106.100000
28106.100000
28134.600000
28134.600000
28175.600000
28175.600000
28286.500000
28286.500000
28879.600000
28879.600000
29077.100000
29077.100000
29144.600000
29144.600000
29170.500000
29170.500000
29181.200000
29181.200000
29613.200000
29613.200000
29782.000000
29782.000000
30301.100000
30301.100000
30424.200000
30424.200000
30436.100000
30436.100000
31214.500000
31214.500000
31510.500000
31510.500000
32107.700000
32107.700000
32296.200000
32296.200000
33266.000000
33266.000000
33438.000000
33438.000000
33734.500000
33734.500000
33827.700000
33827.700000
33937.500000
33937.500000
34014.000000
34014.000000
34168.100000
34168.100000
34945.600000
34945.600000
35589.600000
35589.600000
35826.600000
35826.600000
36365.000000
36365.000000
37388.100000
37388.100000
37535.600000
37535.600000
38629.600000
38629.600000
41105.100000
41105.100000
41653.500000
41653.500000
43685.100000
43685.100000
44325.600000
44325.600000
46075.600000
46075.600000
49027.600000
49027.600000
50094.600000
50094.600000
