5.65685 8.24621 7.07107 4.12311
3.60555 6 5.83095 4.24264
2.82843 2.23607 1 2.12132
4.12311 3.16228 2.23607 2.12132
8.544 2.23607 8.544 1.41421
5.83095 4.12311 5.38516 6
6.32456 3.16228 3.60555 5
5.38516 5.09902 1.41421 4
2.23607 6.08276 9.48683 2.23607
1.41421 2 3.60555 4.12311
3.16228 3.60555 1 4.47214
4.47214 0 5.65685 1.41421
4.47214 3.16228 5.83095 2.23607
3.60555 3.60555 4.12311 4
5.83095 2.82843 5.09902 3
1 1.41421 1 3
3.16228 1 1 3
4.12311 3.16228 1 4
3 2.23607 2.23607 3
1 3.60555 6.32456 1.41421
3.16228 4.24264 3 3.60555
5.83095 1.41421 2.82843 7.07107
1 1 1.41421 2.23607
2.23607 4.12311 1.41421 3.60555
2.23607 4.47214 2.23607 4
4.12311 1.41421 3 2
1 4.12311 2.23607 2.12132
4.12311 3.16228 0 7.61577
5.38516 5 2 5.83095
0 3.16228 1 2
3.16228 3 1.41421 2.12132
6.32456 3.16228 4.24264 3.53553
7 0 7.28011 2.82843
4 7 9.21954 20.8806
19.799 24.4131 4 19.0263
