6.40312 2.23607 8.48528 3.16228
6.7082 1 6.32456 4.12311
2.23607 1.41421 1.41421 2.82843
3 1.41421 4.12311 1
6.7082 2.82843 8.06226 -0
5.38516 8.06226 2 2
6.40312 1.41421 6.7082 2.23607
3.16228 2 3.16228 4
2.82843 3.16228 5.83095 3.60555
1.41421 2.82843 3.16228 2.23607
1.41421 3 3 5
2.23607 2.82843 2.23607 0.707107
5 2.23607 3.16228 1.41421
6.08276 2 3 6
6.08276 1 4.47214 6
2 0 0 3
1.41421 0 1 5
4.47214 4.12311 2.23607 4
3.16228 3.16228 0 2
2.23607 1.41421 2.23607 2.23607
4.24264 3.16228 5.38516 5.38516
3.16228 3 4.12311 3.16228
3 3.60555 3.60555 1
3.16228 4.47214 3.16228 5
3.16228 5.38516 4 5
4 3.16228 1.41421 3
4.12311 2 2.23607 -0
5 0 6.7082 8.48528
2.23607 5.09902 5.65685 0.707107
3.60555 6.08276 1.41421 2.23607
2 3.16228 3.16228 -0
1 3 3.60555 0.707107
3.16228 6.32456 3.16228 1.41421
14.1421 11.4018 2 26.3059
18.0278 14.2127 4.24264 12.083
