5 1 4.24264 4.12311
4.24264 6.08276 4.47214 5.38516
4.12311 2 2.23607 4.24264
2.23607 1.41421 3 0.707107
6 1.41421 5.09902 -1
2.23607 2.23607 1 5
6.32456 4 2.82843 4.47214
3.60555 2.23607 1.41421 5
0 1.41421 3.60555 3
2.23607 2.23607 3.60555 3.60555
2.23607 5 3.60555 3.60555
2 2 2.23607 0.707107
1.41421 2.23607 1 3
2.82843 2.82843 2.23607 5
2 3.60555 1.41421 4
2.82843 2.23607 1.41421 -0
4.12311 5 3.16228 4
4 5 6.32456 3.60555
4 1.41421 3.60555 2
2.23607 1 1.41421 2.82843
3.60555 4 5.38516 2.82843
4.12311 6.32456 5 1.41421
2 2.23607 5.09902 0.707107
3.16228 3.60555 1.41421 3.16228
3.16228 3.16228 1 1
3.16228 2 3.60555 -0
3.60555 4 1 -0
4 6.32456 2.82843 9.89949
8.94427 9.21954 6.08276 2.12132
4.47214 6.40312 6.08276 4.12311
10.6301 4 9.43398 1
3.16228 2.82843 1.41421 1
10.2956 6.40312 5.38516 2.82843
13.0384 5 8.24621 25.2982
8.06226 8.24621 1.41421 11.3137
