9.21954 5 14.5602 1
3.16228 2.82843 5.09902 3.16228
4.47214 4.47214 9.21954 0.707107
2.23607 2.82843 1.41421 2
3.60555 2.23607 6.7082 -0
4.47214 6.08276 12.3693 3
3.60555 7.61577 5.09902 3
3.16228 2.23607 3 -0
3 3.16228 2.23607 -0
3.16228 5 3.16228 4
2 13.6015 12.53 7.28011
0 2 2 4
2.82843 2 4.24264 5.65685
2 6.7082 7.28011 3
3 1.41421 4.47214 2.82843
5 1.41421 3.16228 1
2.82843 1.41421 2.23607 3.16228
3.60555 6.08276 5.65685 8
3 4.24264 3.60555 5
1 1.41421 2.23607 1.41421
3.16228 4.47214 3.16228 2
1 1 2.82843 -0
1 3.16228 2.23607 2
0 2.82843 3.16228 4
1.41421 4.47214 4.24264 4
1.41421 5.65685 4.24264 4
2 1 2.23607 1
2 4.24264 5.38516 5.65685
7 9 1.41421 2
2 5.38516 5 3
9.48683 5.38516 6.7082 -0
1 1 2.23607 1.41421
1 6.32456 5.83095 1
4.24264 5 2.23607 37.4767
4.47214 4 2.82843 13.1529
