12.53 6.32456 5.38516 4
5 3.60555 3.60555 5.83095
1.41421 4.12311 3 3.16228
1.41421 1 2 1.41421
2.23607 3.16228 6.40312 2.23607
5.38516 3 2.82843 4
2.82843 1.41421 5.09902 1.41421
4.47214 4.24264 2.23607 4
1 2.23607 1 1
1.41421 3 1 5.83095
5 9.05539 11.7047 9.48683
5.09902 3.60555 4.47214 1
3.16228 3.16228 1.41421 2.23607
3.60555 2.23607 1.41421 3
5.09902 3.16228 4 4
1 2 1.41421 -0
3 8.24621 5 5
6.32456 6.08276 3.60555 6
2.82843 9.43398 7.81025 7
6.32456 8.06226 3.60555 2.23607
3.16228 0 5 5
2.23607 2.23607 2.23607 3
1 2.23607 1.41421 1
3.16228 4.24264 3.60555 5
5 5.65685 5.09902 5
13.3417 8.544 12.3693 5
1 4.12311 3.16228 -1
6.7082 4.47214 8.06226 7.07107
2.23607 5 5.38516 1.41421
1.41421 1 1 3.16228
4.12311 8.06226 2.23607 2.82843
1 2.23607 2.82843 2.82843
1 2 3 0.707107
19.105 12.7279 6.40312 44.5533
17.0294 7 8.24621 19
