1.41421 13.6015 13.6015 1.41421
2.23607 3.16228 2.23607 3.53553
2.82843 2 0 1
3.16228 1 3.16228 1.41421
7.61577 5.65685 14.2127 1
4.47214 3.60555 6.40312 5
2.23607 4.47214 5 1
1.41421 2.23607 3.16228 2
1 4.47214 3.16228 -0
1 3.16228 1 2
1 4.12311 6 4
2.23607 1.41421 1.41421 5
2 1 1 1
3.16228 1.41421 5.38516 3
2 1 1.41421 3.60555
2 4.47214 4.12311 1
5.09902 2.23607 1.41421 5
2 2 4.47214 3
2 4 1 1
2.23607 1.41421 5.38516 3.16228
4.47214 1.41421 5.65685 4
0 1 2.23607 3.60555
3.16228 4.12311 6 -0.707107
1.41421 2.23607 5.38516 2.82843
5.83095 1.41421 2.82843 1
2 1 3.60555 -0
1 2.23607 3 1
2.23607 2.23607 1.41421 2.82843
0 1.41421 3.16228 3.16228
3.16228 1.41421 0 1
2.23607 2.23607 2.23607 0
5.38516 4.12311 2.23607 -1
2.82843 2.82843 1 1.41421
3.16228 3.60555 4 21.2132
3.60555 3 2 5.09902
