2.23607 9.84886 11.1803 3.60555
1 1.41421 2.23607 5.65685
4 2.23607 3.16228 2.82843
2.23607 2.23607 2 0.707107
10.2956 2 11.4018 3.53553
2.23607 4.47214 6.7082 6
4.12311 3 7.07107 4
2.82843 1 4 5
2 1.41421 2 1
2.23607 1.41421 2.23607 2
2.82843 2.23607 0 5
1.41421 5 4.47214 2.23607
3 1 4.24264 3.16228
3.16228 1.41421 3 5
1 2.23607 2.23607 2.23607
2 1.41421 3.16228 -0
1 3.16228 3.16228 3
1.41421 3.60555 2.23607 1
1.41421 3.16228 2 0.707107
2.23607 2.23607 2 2
2 1.41421 3.16228 4.12311
4.12311 1.41421 4.47214 4
2.82843 3 3.60555 0.707107
1 3.16228 5 4
0 1 0 2
1.41421 4.12311 2 1
5.65685 5 2 4.24264
2.23607 0 0 6.32456
1 2.23607 4.24264 3
1.41421 2.23607 4 3.16228
1 1 0 2.82843
2.82843 3.16228 6.08276 0
3 2.82843 0 2.82843
9.21954 2 7.61577 15.2315
2.23607 3.16228 4.12311 7.07107
