5.65685 8.06226 14.3178 3.16228
3 1 2.23607 3.60555
1.41421 1 2.23607 3.16228
2.23607 2.23607 2 1.41421
7.2111 8.24621 15.6525 2
3.16228 4.24264 5.09902 5
5.65685 6.08276 6.32456 3
4.12311 2.23607 6.40312 2
3.60555 4 7.28011 -2
4 3.60555 2 3
3.16228 5.83095 6 2
3.16228 1 5.09902 3.16228
3 1 2 4
3.60555 1.41421 3.16228 4
3.60555 2.23607 5 5
4.24264 2.23607 4.24264 -1
4.47214 5.09902 1.41421 1
5.09902 6 1 -0
3 2 3.16228 1.41421
2 2.82843 2 5.83095
1.41421 4.47214 5 5
1.41421 4.12311 4.47214 4.12311
4.47214 2.23607 3.16228 0.707107
1 3.16228 3 3.16228
3.60555 3.60555 2 3
3.16228 2 1 -0
5.09902 1 7.07107 3.16228
5.65685 2.82843 8.24621 4.12311
3 1 3.16228 4
2.23607 1 3.16228 2.23607
1 5.83095 5.38516 1
2.23607 3.16228 3.60555 0.707107
4.12311 1 5.09902 1
11.1803 3.16228 8.24621 43.6005
5.38516 9 4.47214 10
