18.0278 5.83095 11.4018 1.41421
1 1 1 1.41421
1 2.23607 3.16228 0.707107
1.41421 3 4.12311 2.12132
3.60555 7.07107 9.84886 2
4 7.07107 3 2.82843
3.16228 4.12311 2.82843 3
3 3.16228 4.24264 3
2.23607 1.41421 4 2
3.16228 3 2 4.47214
5 2 3.16228 6.32456
4.12311 3 4.12311 4.24264
2.82843 3.60555 4.47214 3
0 2.23607 3.60555 3.60555
3.60555 1.41421 2.23607 3.60555
0 4.12311 4 1
2.82843 3.16228 1 4
2.23607 2.82843 0 4
2.23607 3.16228 2.23607 3.16228
2.23607 1.41421 3.16228 3
1 3.16228 2.23607 5
1 3.16228 4.12311 2
2.82843 3.16228 2 2.23607
1 4 3.60555 4
1 3.60555 3.60555 3.16228
2 3.16228 1.41421 2
1.41421 3 3.16228 -0
1 3 3.16228 1
1.41421 6.7082 7.28011 3
4.12311 1.41421 1 -2
1.41421 4.12311 3.60555 2.82843
0 3 1.41421 3
3.60555 5 5.83095 2
9.84886 4.12311 7.07107 19
6.32456 7.07107 12.0416 51.1957
