2.23607 3.60555 2 2.12132
4.12311 1 4 3.16228
3.16228 2 3.60555 2.82843
2.23607 7.28011 5.09902 3.53553
4 7 11.0454 -2
4.47214 3 4.47214 8
3.16228 5.09902 8 6.7082
1 7.28011 7.2111 2.23607
4 6.7082 10.0499 -2
2.23607 3.60555 1.41421 5.38516
0 1.41421 3.16228 5.38516
1.41421 3.60555 1 3.60555
3.16228 3.16228 3 7
4.47214 3.60555 2.23607 4
47.8017 23.4094 26.4764 12
44.2719 17.4642 27.5136 12.6491
28 13.3417 15.8114 17.4642
4 1.41421 3 3
3.60555 1 3.60555 4
2 1.41421 1.41421 2.12132
1.41421 2 2.23607 2
2.23607 0 0 4
1 1 3.16228 1
1.41421 1 0 4
1.41421 5 4.47214 4
2 5 2.82843 3
2.23607 1.41421 1.41421 2
2 5.38516 4.47214 4.47214
2.23607 1.41421 4.47214 2
1.41421 1 1 3.60555
1 5.83095 4.24264 3
2.23607 2.82843 3.60555 2.23607
1.41421 5 2 -0
1 10 12.8062 20
7.07107 18.4391 15.0333 61
