0.000000
0.000000
0.000000
0.000000
0.000000
0.000000
0.000000
0.000000
0.000000
0.000000
0.000000
0.000000
0.000000
0.000000
0.000000
0.000000
0.000000
0.000000
0.000000
0.000000
0.000000
0.000000
0.000000
0.000000
0.000000
0.000000
0.000000
0.000000
0.000000
0.000000
0.000000
0.000000
0.000000
0.000000
0.000000
0.000000
0.000000
0.000000
0.000000
0.000000
0.000000
0.000000
0.000000
0.000000
0.000000
0.000000
0.000000
0.000000
0.000000
0.000000
0.000000
0.000000
0.000000
0.000000
0.000000
0.000000
0.000000
0.000000
0.000000
0.000000
0.000000
0.000000
0.000000
0.000000
0.000000
0.000000
0.000000
0.000000
0.000000
0.000000
0.000000
0.000000
0.000000
0.000000
0.000000
0.000000
0.000000
0.000000
0.000000
0.000000
0.000000
0.000000
0.000000
0.000000
0.000000
0.000000
0.000000
0.000000
0.000000
0.000000
0.000000
0.000000
0.000000
0.000000
0.000000
0.000000
0.000000
0.000000
0.000000
0.000000
0.000000
0.000000
0.000000
0.000000
0.000000
0.000000
0.000000
0.000000
0.000000
0.000000
0.000000
0.000000
0.000000
0.000000
0.000000
0.000000
0.000000
0.000000
0.000000
0.000000
0.000000
0.000000
0.000000
0.000000
0.000000
0.000000
0.000000
0.000000
0.000000
0.000000
0.000000
0.000000
0.000000
0.000000
0.000000
0.000000
0.000000
0.000000
0.000000
0.000000
0.000000
0.000000
0.000000
0.000000
0.000000
0.000000
0.000000
0.000000
0.000000
0.000000
0.000000
0.000000
0.000000
0.000000
0.000000
0.000000
0.000000
0.000000
0.000000
0.000000
0.000000
0.000000
0.000000
0.000000
0.000000
0.000000
0.000000
0.000000
0.000000
0.000000
0.000000
0.000000
0.000000
0.000000
0.000000
0.000000
0.000000
0.000000
0.000000
0.000000
0.000000
0.000000
0.000000
0.000000
0.000000
0.000000
0.000000
0.000000
0.000000
0.000000
0.000000
0.000000
0.000000
0.000000
0.000000
0.000000
0.000000
0.000000
0.000000
0.000000
0.000000
0.000000
0.000000
0.000000
0.000000
0.000000
0.000000
0.000000
0.000000
0.000000
0.000000
0.000000
0.000000
0.000000
0.000000
0.000000
0.000000
0.000000
0.000000
0.000000
0.000000
0.000000
0.000000
0.000000
0.000000
0.000000
0.000000
0.000000
0.000000
0.000000
0.000000
0.000000
0.000000
0.000000
0.000000
0.000000
0.000000
0.000000
0.000000
0.000000
0.000000
0.000000
0.000000
0.000000
0.000000
0.000000
0.000000
0.000000
0.000000
0.000000
0.096097
0.096097
0.097904
0.097904
0.098447
0.098447
0.099715
0.099715
0.100089
0.100089
0.101996
0.101996
0.102420
0.102420
0.102575
0.102575
0.104701
0.104701
0.108656
0.108656
0.110025
0.110025
0.110643
0.110643
0.110858
0.110858
0.111142
0.111142
0.112784
0.112784
0.113241
0.113241
0.116203
0.116203
0.116758
0.116758
0.116938
0.116938
0.117253
0.117253
0.117488
0.117488
0.117528
0.117528
0.118500
0.118500
0.118649
0.118649
0.119749
0.119749
0.120255
0.120255
0.120701
0.120701
0.121258
0.121258
0.121452
0.121452
0.121643
0.121643
0.121931
0.121931
0.122170
0.122170
0.122829
0.122829
0.122856
0.122856
0.123094
0.123094
0.123427
0.123427
0.123740
0.123740
0.123959
0.123959
0.125380
0.125380
0.126393
0.126393
0.126727
0.126727
0.126961
0.126961
0.127049
0.127049
0.127995
0.127995
0.128390
0.128390
0.128595
0.128595
0.128785
0.128785
0.128841
0.128841
0.129107
0.129107
0.129604
0.129604
0.129629
0.129629
0.130126
0.130126
0.130362
0.130362
0.130851
0.130851
0.130972
0.130972
0.131218
0.131218
0.131348
0.131348
0.132027
0.132027
0.132506
0.132506
0.132630
0.132630
0.133250
0.133250
0.135080
0.135080
0.135224
0.135224
0.135974
0.135974
0.136102
0.136102
0.136242
0.136242
0.136521
0.136521
0.136783
0.136783
0.136785
0.136785
0.137478
0.137478
0.137686
0.137686
0.137821
0.137821
0.138070
0.138070
0.138128
0.138128
0.138363
0.138363
0.138384
0.138384
0.138847
0.138847
0.139601
0.139601
0.141242
0.141242
0.141265
0.141265
0.141431
0.141431
0.142264
0.142264
0.142434
0.142434
0.142463
0.142463
0.143240
0.143240
0.143496
0.143496
0.144904
0.144904
0.144991
0.144991
0.145087
0.145087
0.145241
0.145241
0.145449
0.145449
0.145637
0.145637
0.145795
0.145795
0.145908
0.145908
0.146073
0.146073
0.146190
0.146190
0.146604
0.146604
0.147452
0.147452
0.147597
0.147597
0.148558
0.148558
0.148621
0.148621
0.148868
0.148868
0.149001
0.149001
0.149194
0.149194
0.149424
0.149424
0.149589
0.149589
0.149816
0.149816
0.149923
0.149923
0.150752
0.150752
0.151090
0.151090
0.151228
0.151228
0.151898
0.151898
0.152149
0.152149
0.152264
0.152264
0.152625
0.152625
0.153248
0.153248
0.153442
0.153442
0.153473
0.153473
0.153790
0.153790
0.154237
0.154237
0.154244
0.154244
0.154295
0.154295
0.154532
0.154532
0.154916
0.154916
0.155118
0.155118
0.155151
0.155151
0.155308
0.155308
0.156621
0.156621
0.157098
0.157098
0.157141
0.157141
0.157197
0.157197
0.157760
0.157760
0.158169
0.158169
0.158276
0.158276
0.158419
0.158419
0.158566
0.158566
0.158692
0.158692
0.158830
0.158830
0.159002
0.159002
0.159113
0.159113
0.159345
0.159345
0.159584
0.159584
0.159738
0.159738
0.159768
0.159768
0.159938
0.159938
0.159979
0.159979
0.160188
0.160188
0.160283
0.160283
0.160406
0.160406
0.160574
0.160574
0.160973
0.160973
0.161489
0.161489
0.161575
0.161575
0.161682
0.161682
0.161897
0.161897
0.162162
0.162162
0.162303
0.162303
0.162925
0.162925
0.162951
0.162951
0.163113
0.163113
0.163589
0.163589
0.164196
0.164196
0.164710
0.164710
0.164840
0.164840
0.165032
0.165032
0.165109
0.165109
0.165179
0.165179
0.165311
0.165311
0.165813
0.165813
0.166107
0.166107
0.166818
0.166818
0.166876
0.166876
0.166998
0.166998
0.167084
0.167084
0.167162
0.167162
0.167227
0.167227
0.167545
0.167545
0.167569
0.167569
0.167880
0.167880
0.167964
0.167964
0.168010
0.168010
0.168353
0.168353
0.168486
0.168486
0.168695
0.168695
0.169595
0.169595
0.169911
0.169911
0.169925
0.169925
0.170110
0.170110
0.170132
0.170132
0.170912
0.170912
0.171027
0.171027
0.171383
0.171383
0.171621
0.171621
0.172002
0.172002
0.172552
0.172552
0.172994
0.172994
0.173041
0.173041
0.173167
0.173167
0.173402
0.173402
0.173615
0.173615
0.173820
0.173820
0.174008
0.174008
0.174044
0.174044
0.174160
0.174160
0.174235
0.174235
0.174641
0.174641
0.174653
0.174653
0.175099
0.175099
0.175604
0.175604
0.175798
0.175798
0.175891
0.175891
0.176095
0.176095
0.176681
0.176681
0.177120
0.177120
0.177155
0.177155
0.177174
0.177174
0.177907
0.177907
0.178603
0.178603
0.179017
0.179017
0.179067
0.179067
0.179157
0.179157
0.179220
0.179220
0.179855
0.179855
0.180003
0.180003
0.180356
0.180356
0.180424
0.180424
0.180469
0.180469
0.180601
0.180601
0.180670
0.180670
0.181064
0.181064
0.181144
0.181144
0.181154
0.181154
0.181227
0.181227
0.181328
0.181328
0.181365
0.181365
0.181534
0.181534
0.182153
0.182153
0.182304
0.182304
0.182329
0.182329
0.182385
0.182385
0.182402
0.182402
0.182599
0.182599
0.182796
0.182796
0.183121
0.183121
0.183762
0.183762
0.183921
0.183921
0.184426
0.184426
0.185350
0.185350
0.185514
0.185514
0.185573
0.185573
0.186460
0.186460
0.186552
0.186552
0.186911
0.186911
0.187524
0.187524
0.187627
0.187627
0.189226
0.189226
0.190314
0.190314
0.190437
0.190437
0.191021
0.191021
0.191559
0.191559
0.191677
0.191677
0.191691
0.191691
0.191721
0.191721
0.191733
0.191733
0.191996
0.191996
0.192057
0.192057
0.192896
0.192896
0.193395
0.193395
0.194228
0.194228
0.194434
0.194434
0.194682
0.194682
0.194718
0.194718
0.195210
0.195210
0.195565
0.195565
0.195870
0.195870
0.195978
0.195978
0.196130
0.196130
0.196436
0.196436
0.196765
0.196765
0.197510
0.197510
0.197836
0.197836
0.198050
0.198050
0.198906
0.198906
0.199403
0.199403
0.199849
0.199849
0.199862
0.199862
0.200213
0.200213
0.200546
0.200546
0.200775
0.200775
0.200842
0.200842
0.200848
0.200848
0.201000
0.201000
0.201364
0.201364
0.201390
0.201390
0.201906
0.201906
0.201906
0.201906
0.202085
0.202085
0.202263
0.202263
0.202395
0.202395
0.202674
0.202674
0.202694
0.202694
0.203089
0.203089
0.203358
0.203358
0.204868
0.204868
0.204955
0.204955
0.205420
0.205420
0.205442
0.205442
0.206521
0.206521
0.206852
0.206852
0.206871
0.206871
0.207448
0.207448
0.208053
0.208053
0.208083
0.208083
0.208352
0.208352
0.208558
0.208558
0.209083
0.209083
0.209116
0.209116
0.209358
0.209358
0.209768
0.209768
0.209841
0.209841
0.210632
0.210632
0.211318
0.211318
0.211324
0.211324
0.211551
0.211551
0.211686
0.211686
0.211811
0.211811
0.212031
0.212031
0.213137
0.213137
0.213298
0.213298
0.213305
0.213305
0.214378
0.214378
0.215222
0.215222
0.216328
0.216328
0.216373
0.216373
0.216541
0.216541
0.217189
0.217189
0.217656
0.217656
0.218740
0.218740
0.219138
0.219138
0.219530
0.219530
0.220538
0.220538
0.222682
0.222682
0.223209
0.223209
0.223965
0.223965
0.224584
0.224584
0.224766
0.224766
0.226251
0.226251
0.226286
0.226286
0.226932
0.226932
0.227185
0.227185
0.227981
0.227981
0.228130
0.228130
0.228153
0.228153
0.228368
0.228368
0.228837
0.228837
0.229462
0.229462
0.230573
0.230573
0.230937
0.230937
0.230958
0.230958
0.231051
0.231051
0.231724
0.231724
0.231845
0.231845
0.231909
0.231909
0.232585
0.232585
0.233021
0.233021
0.234264
0.234264
0.234597
0.234597
0.235679
0.235679
0.235877
0.235877
0.236085
0.236085
0.236101
0.236101
0.236342
0.236342
0.237461
0.237461
0.238031
0.238031
0.239346
0.239346
0.239948
0.239948
0.240022
0.240022
0.240101
0.240101
0.240176
0.240176
0.242636
0.242636
0.243236
0.243236
0.243383
0.243383
0.243418
0.243418
0.243721
0.243721
0.244422
0.244422
0.244427
0.244427
0.246035
0.246035
0.246375
0.246375
0.246431
0.246431
0.246734
0.246734
0.247596
0.247596
0.247927
0.247927
0.249685
0.249685
0.250458
0.250458
0.251433
0.251433
0.251502
0.251502
0.252120
0.252120
0.252562
0.252562
0.252625
0.252625
0.252908
0.252908
0.253129
0.253129
0.253913
0.253913
0.254047
0.254047
0.254325
0.254325
0.255898
0.255898
0.256310
0.256310
0.256820
0.256820
0.257789
0.257789
0.258859
0.258859
0.259515
0.259515
0.259606
0.259606
0.260818
0.260818
0.262526
0.262526
0.262906
0.262906
0.263293
0.263293
0.264134
0.264134
0.264944
0.264944
0.265656
0.265656
0.266046
0.266046
0.266415
0.266415
0.267318
0.267318
0.267332
0.267332
0.267520
0.267520
0.270008
0.270008
0.270448
0.270448
0.271374
0.271374
0.273567
0.273567
0.276027
0.276027
0.276155
0.276155
0.277060
0.277060
0.278313
0.278313
0.279267
0.279267
0.279937
0.279937
0.281092
0.281092
0.281474
0.281474
0.282120
0.282120
0.282267
0.282267
0.282880
0.282880
0.283593
0.283593
0.283874
0.283874
0.284599
0.284599
0.285327
0.285327
0.285889
0.285889
0.287194
0.287194
0.287678
0.287678
0.288480
0.288480
0.290614
0.290614
0.290655
0.290655
0.292135
0.292135
0.292341
0.292341
0.292377
0.292377
0.292614
0.292614
0.292903
0.292903
0.293837
0.293837
0.294247
0.294247
0.297009
0.297009
0.297247
0.297247
0.298679
0.298679
0.301284
0.301284
0.301667
0.301667
0.301703
0.301703
0.302454
0.302454
0.303341
0.303341
0.305623
0.305623
0.306479
0.306479
0.306816
0.306816
0.307107
0.307107
0.308806
0.308806
0.311864
0.311864
0.312732
0.312732
0.313410
0.313410
0.315253
0.315253
0.318495
0.318495
0.318756
0.318756
0.319156
0.319156
0.321040
0.321040
0.322393
0.322393
0.324357
0.324357
0.325468
0.325468
0.326355
0.326355
0.330568
0.330568
0.331491
0.331491
0.332993
0.332993
0.333316
0.333316
0.339385
0.339385
0.339755
0.339755
0.339762
0.339762
0.341176
0.341176
0.347186
0.347186
0.347681
0.347681
0.349064
0.349064
0.351390
0.351390
0.356576
0.356576
0.362205
0.362205
0.362677
0.362677
0.365143
0.365143
0.375549
0.375549
0.376537
0.376537
0.384267
0.384267
0.413375
0.413375
