Line "Sessão 1" "Sessão 2"  "Sessão 3"  "Automática"
1    6.001996   5.003444	5.605883	2.889120
2    3.257801	2.670687	3.103050	3.795974
3    2.373149	2.456153	2.748610	1.677052
4    2.512226	2.586083	2.800025	1.197446
5    5.713580	4.737588	6.179350	0.595521
6    3.177574	3.071849	3.665456	3.793611
7    3.103365	3.347381	3.770408	3.258549
8    2.891102	2.722390	3.058538	2.872417
9    2.539336	2.693184	3.177181	0.423903
10   2.440273	3.283673	3.097258	2.858488
11   2.556068	3.654301	3.754969	3.749123
12   3.217866	3.108854	3.477562	3.679419
13   2.616364	2.576991	3.187275	3.356217
14   3.077842	3.114537	3.297010	3.416015
15   3.599761	3.251897	3.416553	2.824244
16   3.137513	2.581634	3.215792	0.167059
17   2.677471	2.782887	2.811860	3.183734
18   3.030339	3.162795	2.805130	3.442835
19   2.934958	3.074758	3.248783	4.212876
20   2.420817	2.514260	2.820454	2.309328
21   3.123544	2.849544	3.184130	3.448561
22   2.599711	2.379396	2.945970	2.827717
23   2.325863	2.732426	2.910769	0.523195
24   2.550207	2.561468	2.926666	3.281180
25   2.944653	3.273384	2.975427	3.379978
26   3.441760	3.563893	3.506816	3.732846
27   2.699253	2.802057	2.671766	1.727041
28   3.190108	3.908900	3.725775	3.780933
29   3.056744	3.450775	3.479440	2.766490
30   2.512945	2.787758	2.833450	1.269475
31   2.516110	2.923089	3.027638	2.561761
32   2.680952	3.205381	3.135769	2.084688
33   3.349906	3.195442	3.534851	1.882922
34   7.263630	6.662567	6.738310	17.788077
35   5.760459	4.907235	4.720393	13.886033
