4.12311 2 5.38516 2
2.82843 3 5.38516 5.65685
1 2 2.23607 2.82843
2 2.82843 2.82843 -0
1 2.23607 2 2
2.23607 5.65685 5.38516 3.16228
2.82843 5 2.82843 3.16228
2.82843 1.41421 1 4
2 1 1 -1
0 5 4.12311 4
5.09902 3 6.08276 6.32456
2 2 2.23607 4
4.47214 3.60555 4.24264 4.47214
1.41421 4.12311 5 2.12132
1.41421 1.41421 1 2.82843
2.82843 5.83095 5.09902 -0
2 2.23607 4.12311 5
1 2.82843 4 5
3.60555 1.41421 4.12311 12
1 0 0 1.41421
2 6 6 3.60555
2.23607 2.23607 2 2.82843
3.16228 1 2.23607 -1
2.23607 3.16228 2.82843 3.60555
5.09902 1 5.09902 3
1 1 1 6
5 7.81025 3 5.38516
3.60555 4.47214 2.23607 4.47214
4.24264 2 5.09902 4
1 1.41421 2 3.60555
3.16228 2.23607 4.12311 5
2.23607 5 4.12311 2
4.12311 4.47214 2.23607 3.60555
6.40312 5.38516 10.7703 -3.53553
3 6.7082 10 16
