6 4.12311 1 2.23607
2.82843 1.41421 0 4
2.23607 2.23607 3.60555 1.41421
2.23607 1 2.23607 -2.23607
3.60555 4.12311 1 3.53553
1.41421 1.41421 3 2
1 2 2.23607 5
2 3 2.23607 1
3.16228 1 2 -1
1 2.82843 1.41421 3
1.41421 2.23607 3.16228 4
4.47214 3.60555 2 3.60555
1 1.41421 2.23607 1
2.23607 3 4.24264 1.41421
5 3.16228 5.09902 2.23607
4.12311 0 3.60555 -1
2.23607 2.23607 1 3
0 2.23607 4.24264 5
2 2.23607 1.41421 9
5 1.41421 5 1
2.23607 3.60555 6.08276 2
1.41421 2.23607 4.12311 3.16228
1 8.48528 5.65685 1
1 5.38516 3.16228 4
1.41421 6.32456 5.09902 5
2.23607 1 1.41421 6
1 2.82843 2.23607 -0.707107
2.23607 5.38516 2.82843 3.60555
1.41421 5.09902 4.47214 1
2.82843 2 1.41421 1
3.16228 1 1.41421 4.12311
1.41421 2 3.16228 4.12311
5 5.38516 1.41421 2
17.2047 6.7082 16.4012 8
3.60555 1.41421 4.12311 5
