15.0333 2.82843 13.0384 2.82843
6.40312 3.16228 3.16228 4.12311
0 2.82843 3.60555 1
4.12311 3.16228 3 3.16228
6.40312 3.60555 5.65685 -0
1.41421 1.41421 2.82843 4.47214
3.60555 5.38516 7.28011 4
1 2.82843 2 3
3 1 3 1
2.82843 2.23607 5.83095 4
3.60555 2.23607 4.24264 4
4.12311 1.41421 5.38516 5.09902
1 2.23607 5 5
0 1 2.23607 4
2 1 1 1
0 3.16228 2.23607 -0
3.60555 2.82843 3 3
3.60555 2 4.47214 5
5.83095 2 5.38516 11
2 3.16228 4.24264 -0
5.09902 3 3.16228 4.47214
2.23607 1 2.23607 4
2 2.23607 0 0.707107
2.23607 1 2 4.12311
1 5.09902 4.12311 5
4 8.60233 5.83095 6
2.23607 5.09902 3.16228 -0.707107
1.41421 5.83095 6.7082 2.12132
1.41421 3.60555 4 2
2 6 5.38516 1
1 0 2.23607 5.38516
1 6.32456 4.24264 2
1.41421 1.41421 4.12311 3
19.4165 6.40312 15.8114 8.94427
3.60555 6.08276 9.05539 10.6066
