9.21954 7.28011 2 4
2.23607 2.82843 1.41421 4.12311
2.82843 1 3.16228 3.60555
2 1.41421 2 1
3.16228 6 1.41421 0.707107
3 3.16228 4.47214 6
2.23607 1 4 3
1.41421 1 1.41421 4
4 6.40312 5.09902 -4
4 1.41421 2.23607 4
2.82843 3.60555 5 3
3.16228 2.23607 4.47214 3
3.16228 4.47214 5 5
5 0 3.60555 5
4.12311 5.38516 4 4
5 1 4.47214 -2
2.23607 1 1.41421 4
3 3.16228 1 7
4 4.12311 7.07107 11
5.38516 2.23607 4.12311 2.82843
2 1.41421 3.60555 3.16228
0 5 5.09902 3
2 5.09902 9.21954 2
3.60555 1 2 4
5.38516 2.82843 2.23607 4
6.08276 5.09902 1.41421 7
2 1 3.60555 4.12311
1.41421 7.2111 5 2.12132
3.16228 1 1.41421 -0
4.47214 2.23607 5.09902 -0.707107
2.23607 2.23607 5.38516 5
5 6 9 3.60555
6.32456 7.07107 4 4.12311
11.6619 2.23607 12.53 19.6469
5 3 7.81025 6.36396
