10.198 8.60233 3.60555 3.16228
4.12311 4.47214 2 6.32456
2 1.41421 1 3
8 4 3 3
3 3.60555 1.41421 2.12132
2.23607 2.82843 4.47214 2
1.41421 4 3.16228 4
3.16228 1.41421 2 3.60555
2.23607 1 4 1.41421
3.60555 3.16228 4.12311 4
2.82843 2.23607 6.40312 5.09902
4.24264 1 4.47214 3.60555
2.82843 1 5 1.41421
5.09902 4.47214 3.60555 4.12311
3.60555 2.23607 3.60555 3
1 2.23607 2.23607 1
1.41421 7.28011 8.06226 5
2.23607 6.40312 2.23607 7.07107
1 3 3.16228 10
2.82843 2.23607 3 2.82843
3 4.12311 5.38516 2.82843
4 3.60555 4.47214 2
3.16228 3 1.41421 1
3.16228 2.82843 1.41421 5
1 3 2.23607 6
1.41421 2.23607 3.16228 9
1 1 2.23607 1.41421
3.60555 3.60555 2 6.40312
3.16228 3.16228 4.47214 3.16228
1.41421 1 1 1.41421
4.12311 1 2.82843 5.65685
1 1 3.16228 4.12311
5.09902 5.83095 1.41421 3.60555
7.2111 5.09902 5.38516 12
7.81025 3 10.2956 8.48528
