4000 5000
1998 995
2743 1348
1455 2398
1213 764
2870 1995
2750 2177
1336 1761
1926 2970
3039 1291
3140 3958
3331 1616
3431 3527
2590 3303
2675 1963
2726 3399
588 3063
2631 1264
303 1647
1672 3918
3490 2774
2822 2031
184 2425
3547 1367
3041 723
324 2891
3244 1314
3569 2332
702 1295
1657 3209
133 688
3111 1105
479 3910
3436 2509
2975 48
518 1542
1091 2058
2059 2110
2736 2468
1300 2395
2763 998
1410 889
1807 1544
3128 3
2095 181
3339 1326
2173 948
3800 1806
1636 356
674 3721
2139 1006
1891 1149
2322 1894
938 275
1475 2635
284 3962
489 487
1537 1848
1384 88
2360 3858
3519 2465
3067 2860
2298 80
1402 1026
3404 63
2851 2143
3236 3636
3064 2104
1728 3613
3466 780
3417 3569
1770 3059
1430 1675
1037 336
1656 981
247 3485
476 131
1743 2668
2570 807
2762 3098
2234 435
2935 2538
1766 254
388 2544
3648 952
1959 3878
1723 1403
3114 683
1359 135
1116 376
107 1186
1664 2493
896 468
1234 3114
2781 894
453 2729
1330 1651
3723 3444
1020 913
1289 2362
656 928
1479 2273
914 1690
2096 1867
1489 1908
440 81
493 3635
3738 1501
3176 2218
3904 3197
3883 937
3747 1282
790 3197
729 1164
3222 304
2728 3359
1660 3162
1829 3363
876 3815
1367 2693
168 3683
3148 95
1910 1690
2125 10
3534 841
3694 741
3849 2075
537 2297
209 906
1434 1059
254 3808
488 2579
963 3635
1561 1213
1889 3747
2861 483
795 932
3373 2623
1121 2701
2022 3969
1150 380
2050 2459
3010 6
223 2975
614 1763
2990 1717
202 3330
1930 137
3760 3302
3382 1568
152 1539
412 2509
3850 2657
459 2724
3236 3485
3569 2098
2892 3975
1144 3490
3164 2089
1100 1611
2252 921
1433 2657
2086 3497
3922 1120
2292 262
133 2631
1164 3246
3773 1267
79 3607
498 3404
422 50
3517 3584
1152 531
1599 1489
3152 2640
3197 1908
1396 1047
2830 2672
2831 860
1971 3674
879 671
3618 3659
3465 2113
3830 3474
1484 3496
1916 1887
1493 3063
3514 2575
3649 342
1656 2332
3301 414
1297 724
3662 3276
3381 950
2075 169
2599 3949
2585 509
1961 560
3728 3991
2242 1622
2665 3975
2799 1790
1077 3852
2134 527
3757 138
2167 788
3291 3251
798 2179
2757 3866
913 2989
778 3339
27 2028
551 1027
3291 3450
1003 3032
657 318
2653 1227
1144 3341
3389 2704
1923 772
2786 78
2825 1671
452 2870
1425 3107
3658 2802
3340 3432
2981 898
953 44
2913 2204
743 178
1792 2205
2844 2576
1406 1775
1570 3434
407 3801
1086 343
740 1651
2782 395
3231 332
422 2474
870 216
295 2819
723 3449
1940 2338
2765 218
1277 660
2780 2310
270 999
452 306
3255 249
3555 2178
2996 1611
3721 907
3079 3823
2595 1446
518 2967
2045 3906
2429 3808
587 2266
3991 3356
1487 2446
144 2865
408 2521
296 3468
506 3126
820 3465
3575 2522
1031 1606
1601 11
1 749
1672 3462
1843 1823
1896 1652
2541 489
2905 1680
3968 859
3871 1730
399 2342
3883 687
2562 1454
3002 3862
3469 1824
3836 410
2493 2107
2170 1434
1675 3499
3164 1526
3836 308
1849 3658
609 345
1179 1073
1329 292
470 1826
2827 189
1447 109
1184 3743
3513 246
3281 2411
2109 1585
2016 3087
1651 3879
3646 1345
1870 2579
329 2732
803 2256
554 1804
817 3420
462 739
375 12
425 3093
1027 2771
594 2598
39 1
2893 183
1373 3571
1693 3963
1407 1705
2688 1333
3971 3538
3831 817
3722 199
1373 1351
2401 2126
2147 1081
923 2766
1498 2693
2482 1353
2118 3905
3736 1419
2983 3521
1429 818
735 3215
1664 1919
1029 3602
3664 2849
64 3351
65 54
1780 3066
1432 2234
206 1247
1701 1138
3304 2929
2234 1745
400 2986
876 3434
3251 2899
1655 1386
1234 3450
716 2695
2478 3297
2304 3000
2282 589
2235 2017
3106 3988
1189 601
1610 148
3002 1112
1925 3085
2015 456
2802 2612
754 413
419 454
3355 2918
3490 354
3586 1593
3983 199
3465 198
3813 2835
743 2057
3354 2915
3689 2027
2568 656
2297 556
3550 1550
2478 1870
3810 2633
706 1545
150 1781
269 2374
2482 3223
1039 3155
2210 2342
772 933
3773 1065
911 669
517 2480
3861 3753
257 695
2407 154
533 3975
1338 850
1679 3720
2679 1225
400 1986
1553 450
2497 3779
1427 1846
2909 381
286 1882
3399 2818
1378 878
2696 1383
3647 1357
266 1950
794 2860
3497 3038
1849 1790
1071 1184
978 608
2894 3559
349 2443
3719 879
3001 3134
1207 2162
3877 824
280 2415
133 1785
784 112
2839 1789
3556 1481
951 343
3573 1858
2949 1292
2192 3157
3425 3053
3300 756
3909 891
1582 3140
3900 443
1291 1622
2693 1682
1548 3160
2277 188
2403 3717
2245 1041
2225 3246
177 3562
1620 2193
2334 2637
825 174
6 581
1373 1032
1795 1267
2065 1103
3517 1699
654 1886
2409 622
677 3715
2665 691
87 3061
59 3534
2340 348
3879 795
989 2942
3392 763
1033 3198
2904 977
1558 3814
2203 1744
2588 2803
3208 2326
995 875
1802 172
3745 2660
1335 1820
3914 2803
2442 3824
300 1351
3306 420
1935 882
1248 761
2429 2701
3942 1266
2505 2207
1512 2902
1932 2777
3255 1409
1459 3979
1479 1341
1998 2627
3857 3998
3307 1079
2257 3593
574 1502
1522 971
3144 2906
24 2827
2043 1978
1025 2312
755 2586
2295 1984
3499 2853
1716 1056
3863 1014
2926 812
1734 3378
2864 523
3129 2890
828 3773
2104 3699
1978 2335
2706 2590
160 1602
2234 222
3100 2880
952 1175
1349 2239
2241 1224
2478 3548
2149 791
224 2350
2895 3139
1181 2889
2169 1512
922 97
304 3221
1380 842
2295 3122
724 3295
2539 3676
3920 1753
3414 1849
3784 1724
3116 1435
2925 699
2952 2597
2776 765
494 2395
2903 2147
2981 2965
697 578
2075 480
2602 3376
2222 928
3980 2920
1203 2164
3079 3609
1437 958
3532 1507
743 2722
2277 2483
2412 1341
359 3714
908 1109
1495 3173
1355 3383
2492 3499
1025 5
486 2780
3817 3864
3713 2534
1402 2727
3225 706
2422 2086
872 3552
113 855
2800 1371
3542 2946
332 350
3678 686
3510 3673
2105 273
2367 3638
3613 2925
1549 3793
3712 1078
3510 407
3523 384
3718 241
1482 2300
2106 265
2545 2631
47 176
2707 872
944 1154
3107 916
2971 2975
347 2450
3291 1483
3823 778
386 199
2823 3392
1478 1039
882 3732
1338 59
272 3450
1968 3988
107 3263
2750 906
2 2541
1483 221
2233 1914
2669 1179
788 651
2414 475
3338 2566
3205 2871
2199 2338
2249 1793
3422 1701
127 2942
579 2284
1233 694
1775 1586
3057 3021
32 3070
1511 2121
1884 15
3224 826
3562 3340
274 576
2377 2498
3555 1599
3006 2737
3346 289
695 3094
731 2407
1396 2171
1638 774
2579 57
3924 2475
1654 2832
890 1557
3543 2042
1606 2751
1859 763
2030 2999
3355 2099
2264 3068
1675 2466
2957 1033
42 1770
2058 56
1596 328
1629 1314
348 1438
1828 579
2026 1068
270 658
425 873
2344 1461
2286 1596
1220 1758
2514 1528
343 3768
147 3511
3759 1443
1853 758
1128 2803
871 1877
319 1780
530 3681
1141 2994
302 1940
38 2807
587 1966
2688 643
593 184
1925 503
528 1386
2525 330
962 381
1810 3964
443 2702
1112 2825
3989 1199
3913 773
2966 1957
528 2708
1323 2938
3163 2221
451 2765
2873 3972
1672 3035
1626 1532
39 3347
2333 1540
1195 716
1564 457
2298 1973
3738 1786
3226 2440
2592 638
2294 2081
868 3317
2831 3662
2013 3509
2611 2588
3481 3284
3566 2114
3129 2041
3144 1450
1641 260
1144 3614
872 1648
578 2524
590 2676
3909 2195
3853 347
1640 1373
1888 3039
2214 3694
1383 3664
1086 3840
2458 1675
1259 2484
3572 2280
435 2182
3363 244
2489 2629
3128 2891
2115 1280
1749 3407
937 2303
55 2258
2478 1276
3145 1391
2761 686
2477 2531
1316 3841
3782 256
1621 1170
2893 461
3556 2411
1216 1295
1096 574
1867 1026
339 968
2798 971
3792 1814
1298 3543
2890 411
2786 5
3351 542
2407 2109
979 3092
1023 283
3578 1378
314 147
554 3879
2642 961
3037 3977
1209 590
724 1980
935 2420
3767 1671
1553 1282
386 333
372 1366
3969 335
1016 2255
3653 2976
1834 3115
633 1234
486 999
1761 3305
1730 572
439 3519
3750 2925
2119 3702
2816 3851
2465 3729
2637 532
891 1067
1345 859
2694 758
1415 1352
2629 374
431 1839
2113 2511
1966 673
1464 1689
267 3104
944 3665
527 3938
108 715
2353 2851
3699 1326
1967 2790
3704 215
1206 2276
2471 1907
2381 3416
1366 362
1027 312
2483 2490
1817 2441
1050 2546
2926 3547
1840 2835
1432 1769
3824 2124
1006 672
1197 1154
3585 1161
2052 1767
176 1892
1798 1457
2835 1654
1904 2435
196 147
2614 2184
1894 3422
1063 1297
3257 1867
2629 2307
1029 3533
1202 716
2406 266
2079 2324
2592 2144
2679 1616
3919 2442
2488 2449
3903 2685
2252 2610
2446 2706
2312 994
559 46
3388 1095
848 867
1333 3984
347 3662
27 2707
3595 2264
385 2002
277 3501
1606 2303
3832 2440
1928 3179
2615 480
2543 728
1394 2460
586 2588
3439 539
2292 2880
3273 1650
1503 2224
2713 1773
2139 2922
1769 453
1378 2189
2593 2900
318 2688
612 1621
1491 3709
3430 2888
358 2082
2246 3197
3205 3250
1101 1311
2413 2983
3448 876
3098 3169
2394 3607
2172 204
101 29
2520 2572
686 171
3938 710
3306 2640
3463 3526
674 1293
2038 1999
503 860
3148 2032
3463 3299
1255 2155
2762 2028
1037 1787
2164 338
2268 1743
350 2747
3495 3099
1733 1594
362 1553
3429 967
3422 1150
1251 1518
2758 2412
1146 1007
1153 1335
2385 3537
3802 201
1851 45
2679 3258
3146 389
2594 2152
2036 616
3972 1680
3690 3641
3729 3796
900 1939
2469 934
2519 3318
750 3551
2145 600
2455 1290
2206 3680
1491 3730
2688 661
551 1114
2357 3252
1820 1285
1352 2295
22 3088
741 3981
670 584
1840 286
3557 1309
138 113
780 1158
2643 3295
251 1238
445 1014
2860 2276
105 1305
1616 1143
3429 2801
2173 71
1193 186
2185 743
2321 1409
115 2839
3206 3881
1339 3312
1795 3540
684 899
1100 2222
174 3020
2751 1484
3149 1550
886 1390
1150 1033
1974 2570
3668 618
1185 1728
2770 2504
525 580
3441 3904
1221 3274
2723 3501
2540 1714
3678 540
1404 1791
3300 942
1158 3854
3503 1015
2152 2916
3389 2655
1729 1530
341 284
563 1846
282 3689
2504 3379
2032 0
1510 443
1087 3153
2049 433
911 2942
2677 83
2305 260
3539 891
55 555
1077 3634
7 1084
2889 3275
2413 1545
1610 2660
1322 1778
3372 558
1263 3391
2910 142
3130 435
1791 2817
407 3301
3680 786
1457 2527
2531 2529
3464 1943
335 872
355 991
149 1308
1595 3639
3867 1688
1898 3171
2935 2165
1826 3153
2353 2825
3101 812
3881 336
2422 194
347 1311
367 575
147 370
2797 1821
3485 2163
2734 564
1912 3407
797 407
832 2699
3557 391
1655 3187
107 489
1207 3265
3390 3252
2527 339
2 132
1426 2241
2268 1750
1303 2458
3660 1791
3773 3328
2996 1919
1742 9
2100 3155
2899 3426
311 2526
492 1799
1135 319
2540 2242
1641 824
3736 2052
613 3969
753 3014
1867 2229
144 1579
331 1584
3574 2695
3786 3717
2091 2853
3167 1570
3148 125
3583 3436
3792 3840
3587 2932
278 3523
2275 2477
2696 806
2413 1148
1197 2095
2484 1639
671 1630
1364 365
1363 3546
3783 2199
2128 1932
1479 2825
3702 3789
748 258
1001 3882
3393 720
80 1830
1029 2449
3026 1649
1038 3211
3272 1262
596 1417
641 2529
1272 1551
3281 419
2706 342
379 3505
1176 3515
146 2048
1433 1954
1211 1507
3572 447
127 2797
3440 1474
2195 1301
2743 3225
137 3605
2626 2235
1293 1666
3451 2983
3006 2372
1673 3363
3214 334
137 148
2912 40
771 3567
937 2411
3076 3221
2271 2918
856 303
2535 2346
750 3650
233 1738
1207 711
294 3093
602 2558
2576 659
1044 3527
2355 1705
2239 1763
198 1491
387 2860
3926 3631
2573 653
2655 2670
2578 3702
2869 1426
773 864
22 1297
3514 2668
568 166
3189 893
618 1721
2712 906
535 1005
3315 3189
405 2356
861 3319
3958 1102
1488 745
3064 3488
3865 140
735 3373
1575 1451
3415 3526
1027 3796
1606 1561
2343 836
936 1273
6 2289
453 258
2587 3133
3987 2435
3797 111
3026 2145
1136 937
2365 913
3374 819
2186 64
3070 411
3361 3061
2967 1156
799 650
2674 3924
431 1203
3769 3657
2142 2480
3210 502
725 3725
2662 970
3172 3582
3530 2364
3552 1836
1797 2453
2188 826
3979 2585
290 3107
2349 2968
257 1584
3187 3068
980 1007
2489 1847
3143 3163
3256 3878
985 447
2415 1610
3462 1554
504 246
2859 1899
3933 1433
811 2222
2285 1157
3698 3994
752 3852
3075 480
3046 295
2277 1565
623 675
3008 2278
1342 1882
1356 2408
233 1362
292 1856
1110 867
1262 1997
3530 1142
179 3355
3863 158
928 3020
1678 1655
1533 3664
3525 2110
2519 1974
1102 3279
579 1033
3597 344
706 3996
1683 173
1305 1126
3220 941
2394 3076
3287 284
3421 1171
56 663
2154 2128
2871 3795
3085 2251
2841 142
513 1582
3248 884
3923 2383
2753 239
3887 3811
1645 2788
374 354
1175 3700
2588 3496
2859 3431
2020 2000
1169 2736
3495 3057
25 2081
161 2986
232 2938
1926 2014
95 3935
2831 1766
3186 3259
1190 2433
426 2764
2582 1617
1715 3211
2360 2378
3420 2074
1600 2813
1619 1442
3817 2787
455 55
174 796
2154 3165
2651 2502
1416 3057
3404 896
3891 3372
2835 3812
1055 1804
300 3687
1261 1165
993 1902
2400 2458
2050 1474
3203 617
900 1964
2668 153
2859 3712
879 1324
69 3501
2418 2142
69 1726
3552 2594
748 160
502 1602
3151 3850
1076 1273
3339 1721
2354 482
1651 1894
2718 2128
989 1715
1198 80
3182 2818
3301 707
1881 829
3790 615
323 2871
2520 2620
745 1233
1612 1830
2133 2005
381 460
769 2221
2031 388
3950 3509
3607 941
3100 2897
2232 3887
1637 1070
1686 1426
1963 2391
2134 1529
3072 3607
1305 3746
300 348
2466 3530
1200 1595
2248 476
2493 1701
2654 2786
2736 3193
250 3064
933 3062
1714 269
1725 3402
1820 2976
2298 196
876 2108
164 2878
1197 2296
716 3824
2050 2439
490 3714
1262 466
1934 358
494 1531
3556 797
1564 20
1909 3757
3667 537
2669 2685
2203 377
1104 2714
381 1921
2930 1616
3308 880
2933 2429
3031 92
1321 2434
3440 983
2990 322
13 1009
3922 381
2740 2068
3634 1257
173 3365
3587 2760
1277 2775
1427 2636
3797 1991
2858 2413
699 2107
3328 2816
68 3566
298 2536
173 214
1605 2498
1927 1541
3756 1256
2477 1325
1377 441
1391 560
144 273
2960 2200
3820 1047
2957 2630
560 1539
1294 3534
2483 3510
887 2657
3047 2865
1394 2061
3317 225
1491 3506
3455 2921
1489 1169
864 2028
739 2478
3452 2904
3796 2104
1152 362
2540 2399
2977 1598
1624 1948
2962 295
3565 251
559 130
3324 1765
2876 2741
1177 131
3345 3361
1636 2932
1807 387
2403 3463
1985 2011
3797 29
1408 2082
3917 707
2720 521
3013 3389
2508 815
240 3531
3240 2789
1595 3091
244 3327
1429 122
180 3116
99 2251
3241 2268
24 2830
2943 235
822 2149
1755 951
2448 1101
3137 2489
266 2827
2608 195
1314 319
3852 521
2121 2460
1392 1516
602 2459
683 694
3862 1519
1767 1752
3796 1875
2905 2315
1067 3613
3233 2546
436 523
865 745
3794 2575
11 73
2954 2782
3945 3628
377 2873
1816 475
3210 85
1870 3284
2694 3010
2793 310
3387 1949
2193 3715
865 2307
3902 324
3421 3578
258 2186
2505 2448
2199 2305
3663 3703
1393 3121
2 340
782 2023
3073 856
2197 3019
838 2716
1566 767
3585 1537
1320 2471
1978 902
2837 2152
2922 1103
3965 2147
2431 3513
1684 119
413 2750
126 3551
101 3008
799 171
3977 1102
1486 3733
139 1841
2453 3941
3190 1092
1386 4
2098 1472
1625 1892
1965 478
2264 1631
1449 1478
3286 1473
766 1262
1297 3251
3237 793
2463 2236
270 3385
2875 2652
1289 3289
3987 1305
1120 3939
395 1683
2705 572
3999 1878
1996 1676
3219 3847
1561 3899
965 751
2803 2444
2409 2731
327 249
3743 1344
57 3179
1362 2014
2757 2822
3835 2263
664 2841
2186 2773
1927 2705
2047 3575
1493 220
37 2722
207 2962
3486 1994
1655 3103
897 3635
168 510
3617 2259
3863 2709
3109 966
3285 1199
206 2641
2366 3293
120 3333
548 1691
800 828
2385 1699
3954 2743
1067 2570
84 2354
3090 3207
1129 3943
2322 3457
3335 1570
2810 1281
737 1483
3848 1742
1949 1891
1834 2912
3223 3381
2537 2699
3720 2808
421 909
409 2125
1787 1165
3202 800
3179 398
2526 20
3795 2454
164 971
351 1514
857 2185
2915 740
678 285
2808 3618
3785 2423
469 3614
3707 1693
3588 2944
721 3037
3515 83
234 1079
2486 676
1159 1334
3219 838
368 1017
1389 3647
3643 2522
124 106
1721 1932
1021 968
972 1976
888 604
1552 2022
1750 811
3817 918
3361 3822
375 1729
1214 139
806 3433
124 3351
2212 105
3669 236
640 1435
1540 59
2317 2362
1438 2764
1742 3604
2322 2867
279 3949
477 2154
2972 203
1168 3132
1790 906
358 2555
346 3962
360 2337
2369 3851
2902 3315
1981 1123
546 862
2482 2053
2699 787
864 2035
452 3441
3829 3550
1803 1014
1269 2733
1818 2311
3832 3472
941 2212
1651 470
1579 3780
302 1291
1599 3825
3189 2087
192 983
78 1568
1883 3624
796 1991
2353 1148
3536 834
3149 3386
981 3041
1810 5
729 312
1647 437
3670 241
1561 238
468 411
1347 188
3902 1285
1259 2823
2136 3748
2048 232
2381 2916
3728 3191
3448 1890
198 183
2392 3737
1486 2194
2000 3213
2618 292
295 3274
3283 90
2841 3463
2892 544
915 3832
3504 1645
3723 3862
1763 2014
3392 2238
1737 1204
1161 1580
1976 3134
224 429
361 740
2193 1935
1701 1541
1239 3922
841 585
2843 3742
3106 920
472 2890
1478 3688
1669 203
3015 3326
2666 2507
1441 3560
1912 2309
3937 2970
931 1268
2598 3422
617 606
3127 2774
3491 1013
3754 2946
1058 1285
941 2834
1885 1553
2434 2589
54 2079
1863 2775
2019 2907
1775 1189
1502 1069
895 1160
2356 799
1281 3965
894 3732
3170 1473
2391 2742
570 3477
180 3570
505 1589
1725 536
2083 359
615 3996
3672 523
1460 2096
2511 2934
347 626
1061 2791
3128 1820
1174 63
252 1345
2588 2706
2423 3606
1022 2238
808 3588
1480 1294
1649 1176
2035 3196
2407 112
876 323
3750 3632
1345 3673
646 723
3865 2864
2798 2532
1448 2903
2294 1182
3245 634
147 2952
1233 427
3485 2672
704 1753
1405 8
2577 1228
473 1929
1150 429
1847 1742
2872 3958
1706 477
118 267
2774 3239
2220 131
2228 810
3137 2369
1902 1487
390 3814
2854 1039
392 3496
3354 340
1594 868
2641 2121
1143 96
550 638
2247 2866
3427 2586
1943 1929
2569 216
993 857
3975 844
3129 1193
3177 1403
2958 3102
2068 2786
3909 764
2315 1024
689 757
2727 2918
3977 3771
2382 2704
2528 2518
1765 373
1423 3161
2403 3018
1930 2269
1156 2323
2037 3728
3071 489
2193 3851
2340 1971
2191 2557
2634 2107
888 1029
3842 3308
3715 2855
2292 2594
3011 1830
697 1471
1544 1147
182 1165
2506 3919
1255 1376
2366 271
1081 1711
1100 3117
40 2025
392 804
1984 2397
1855 2896
213 2119
2715 1208
2615 1795
216 1065
2227 778
3037 2262
3458 1587
3183 3972
1255 1028
3126 1293
983 3047
2200 2351
3001 1634
3291 1410
3900 422
1484 2977
2565 2403
614 3840
406 2948
1205 2153
308 3044
3571 3977
2562 3029
860 1380
2904 3816
3110 3216
3951 2433
214 3814
3617 901
463 1058
80 1081
2449 1207
3268 664
2717 1002
1317 1422
852 1790
3937 3855
3463 1450
3705 1987
355 3520
1762 1492
2480 2522
1052 3013
2770 3003
725 768
363 2310
273 664
3964 103
1358 3467
3913 1733
140 1792
1734 1121
2511 3786
3028 3486
2443 751
1901 1922
2267 3022
3090 2202
3282 2562
1027 2010
1358 3179
2783 3962
666 1054
2938 136
3060 3216
1493 2990
2792 3860
3015 3401
1370 2918
3317 402
2889 2940
1612 2638
3267 1322
1138 2712
3921 3252
1069 547
1192 3552
769 1019
3692 2530
2324 1990
1847 1202
1623 3222
3381 1360
1166 1386
3758 2664
3476 479
2443 1248
128 3812
278 773
3650 3984
2873 1342
2282 3784
1467 2621
691 861
2770 1504
389 2847
1512 3150
3710 2415
2798 2521
2748 1588
2659 3900
1532 1342
2290 2851
121 918
884 1505
1957 2113
3418 2278
88 681
1705 3028
3263 741
718 1119
1369 3406
3354 2490
1344 451
3959 310
3295 2343
3222 660
409 3191
3456 3940
2726 3108
744 1408
1756 701
3423 961
3837 3899
945 123
452 1605
2998 3070
3752 1641
1781 1886
2408 2341
1596 3841
1397 1497
443 1546
3713 3212
440 2743
3947 1999
1333 2434
3315 3875
3383 2700
766 1550
1338 159
1222 1492
1579 3195
1904 950
3000 3277
3665 2661
3102 1834
2955 950
3386 1634
3291 2895
3897 2406
1075 3190
1693 1403
2800 2188
3366 3364
766 1785
1393 547
462 2210
2274 781
611 2294
441 3538
2480 2202
1386 3230
344 82
1160 1436
980 1731
2218 3664
3940 3502
299 2363
3169 3245
3602 3859
310 1293
3610 3871
2673 3586
1709 2059
3620 526
2278 1086
647 3894
962 3682
2450 1643
1621 183
169 1555
1030 1798
3399 2748
1969 1459
1504 3196
3062 1466
1596 1930
1049 3601
884 2474
109 84
3763 2895
429 3963
405 1545
461 1083
1622 874
2699 1545
589 3711
963 869
1518 2458
453 1325
3634 704
2493 2457
1520 1836
368 1662
1739 458
2004 2631
660 2802
1448 3765
458 293
3837 1623
2809 1356
1919 3042
504 3292
1320 3756
1215 803
2642 3166
2412 1377
119 1702
3286 10
2952 485
1996 675
2877 3829
3448 1794
2447 2883
447 3064
3858 930
2089 756
494 2245
59 1497
3443 2446
2441 3216
3997 3708
1587 554
3969 3275
419 3722
1236 2130
3799 2254
182 2964
3819 3097
1411 1153
853 3746
1177 1798
595 474
3877 1585
1867 2265
1486 2744
2165 3168
2979 1326
2242 2036
3946 1573
1095 1410
3419 1918
2080 3810
774 279
3177 1322
536 1535
1691 934
3684 3845
3051 2891
915 1738
3491 1762
994 2493
3925 441
2399 62
1230 2806
1896 2590
2398 54
3404 3286
1813 482
1475 2438
3431 2795
2360 1558
2312 1166
3050 1857
1264 188
2974 1469
3883 2352
1950 3598
2088 1378
2652 1760
3629 2055
3628 305
234 3235
3382 296
1068 3817
871 1148
3506 47
1588 297
1447 413
2786 326
2505 3199
2447 15
3011 3938
1226 144
609 2547
2910 1680
2005 1401
2152 1769
1172 3178
2414 3049
2651 867
840 3529
960 2529
3670 1384
263 1726
3267 3739
534 57
115 3918
830 1784
590 1268
3529 2553
1869 3752
1938 1972
1741 2863
2063 1292
1500 1410
1112 220
61 1766
2723 1053
1670 3303
1906 641
932 3281
3393 749
474 2875
1127 3339
181 536
688 2688
3924 1438
1895 1460
2273 2087
1850 3420
2772 2727
1669 2446
634 1662
3945 3458
15 3073
2429 538
2885 1633
3064 142
3234 820
1309 3513
611 2004
1741 1834
3562 2216
603 1967
2454 2528
2242 2340
3950 1553
3342 2467
2083 1274
2084 237
2349 2105
1456 1724
1424 2715
3017 2372
874 2505
2217 2642
2422 3032
2310 2519
549 2681
1403 3097
2606 1800
1175 2052
1843 3841
765 286
2314 218
3997 3416
1591 1655
889 3271
3643 1194
3106 2833
272 77
2020 2246
1720 910
3684 3757
651 2574
914 2659
3116 3415
1818 1638
1011 1812
119 530
3754 587
2774 1861
1660 900
1645 3807
3057 705
710 1187
3012 3124
152 1481
3564 2992
1430 639
1402 454
3583 351
2824 3761
1846 2649
1765 1977
2214 3224
1627 1788
340 1726
661 1867
1074 963
940 794
46 2794
1963 3456
3235 1118
2965 1364
827 1237
43 3602
2597 1051
171 117
468 2704
2306 438
1326 751
527 2428
3137 3293
3380 963
16 1943
1297 3520
487 2688
3461 835
1521 1005
3218 1089
3204 139
273 728
532 2912
1662 3310
2395 3239
636 3378
1878 3293
70 586
763 910
3724 2144
307 88
1977 982
168 537
1211 247
2568 206
3492 2569
157 2328
1053 2805
773 3421
1754 986
426 2410
2737 1222
932 146
1282 585
3530 1759
1820 2213
2991 1834
976 2712
1980 1314
3187 1797
1144 1074
2933 1946
2592 2673
1843 3572
1291 3755
2873 477
587 3585
1631 745
1928 3965
1309 24
1292 3065
1140 2074
1933 1032
738 1547
542 1017
2770 271
879 3578
1992 1839
2183 2770
1582 3786
154 3896
1824 1421
513 2272
1985 2358
1788 2229
896 2971
375 3756
2597 1055
1640 1194
508 3628
1130 2506
2736 3652
765 1036
1789 382
1192 3948
3615 3117
2190 793
2436 1022
1883 3034
1353 3842
1046 1731
3145 1971
1007 211
1261 653
2510 1612
845 596
2579 480
3027 2383
3611 1821
3513 3123
3144 2117
991 3354
2181 2286
1217 2382
1421 705
345 120
3889 3644
1171 2514
1658 3875
1867 2706
1204 3315
1617 861
2438 2360
2810 979
735 1891
1088 2543
962 566
1862 2696
3017 1717
53 3084
2807 3176
3514 3602
2783 2091
2042 374
1165 228
3379 3643
3351 2912
3822 210
446 1175
2680 723
883 1089
2334 2713
2281 366
1266 1242
1663 2486
1431 3415
1839 3035
1491 1894
109 3991
2662 785
789 1791
1757 3689
927 359
3299 873
2681 861
756 2496
1308 111
2914 3238
911 3662
2302 638
1962 3744
611 2309
3355 2275
2200 3830
2686 2392
2468 1221
3275 874
119 3129
3811 2817
3918 3879
2624 2553
2992 1048
2335 3223
3115 3895
3196 3566
947 26
73 1258
875 3939
171 3187
120 2013
2270 1785
2714 2647
3822 3753
1772 1320
2233 2470
3302 976
99 1840
273 1419
1705 3561
3025 3061
3735 1630
2325 1867
2009 796
2406 2703
3888 1605
1806 1489
3083 2538
940 2577
1684 2799
1338 145
3210 2126
878 71
2863 733
878 239
1359 3246
2017 136
1187 3345
74 2796
1549 74
3196 864
160 3976
3112 82
1584 2547
663 203
3078 2602
1474 2343
2963 2140
2802 3674
3993 2723
3506 17
1559 466
2760 3993
1072 3890
2786 3794
592 500
2234 9
1163 2131
2678 2288
2660 2250
2930 2809
2065 2009
1745 549
2521 2826
441 2472
2791 878
1746 3782
126 2552
3542 1385
2010 2952
1649 2436
3430 1959
1897 462
3205 498
296 1137
326 1207
2928 2604
2476 3391
3864 1558
2987 285
2031 100
2049 525
202 405
2901 448
618 1570
1498 3899
2882 1552
1049 682
3268 2909
2587 1482
796 2487
1920 2139
1691 2002
1116 1445
2733 1450
3663 2004
1721 201
3735 1384
3337 2122
768 3120
10 3960
3638 678
2702 1811
2457 949
2013 1752
1653 2309
2305 3917
1196 1438
3233 3240
3310 1273
3197 219
1125 1714
3640 337
2787 3933
1442 73
2693 2202
1471 2017
328 374
119 3145
603 3138
90 3914
3986 2729
86 791
614 1174
2833 3245
2016 3392
3715 948
1549 1174
1907 2551
3129 2247
1324 3692
1859 1500
1315 1417
2006 1067
1033 2751
2207 1073
292 3627
3941 548
3199 1609
2398 1364
2215 699
996 237
3185 3491
2464 526
831 3000
315 2867
3272 2924
3434 2044
2449 155
3541 3029
1111 522
1532 1074
3099 1890
2190 3964
1008 1002
1658 3165
3246 2731
2599 634
1529 2844
975 1163
97 2048
1112 696
2647 2887
3450 239
3058 2043
3230 3658
905 1615
2551 3172
658 3121
3682 1305
2454 2543
1683 2539
2946 1383
2473 951
1716 1312
759 1968
3010 1989
3628 1023
1297 2760
3917 1898
2726 1254
1771 240
2554 702
3702 671
1860 3525
1975 2603
326 3618
2517 3182
428 1280
205 1500
3607 3700
2640 834
1372 169
2919 2188
56 2820
1694 488
1447 3712
3525 919
190 215
2480 2841
1187 139
3694 1107
2713 2070
3472 3225
863 2150
3425 2008
2553 3346
2830 1335
2988 1976
2026 3717
3430 3518
1718 1536
1267 1572
324 502
2393 3385
2383 3437
2597 1768
2477 1246
3849 3859
974 1488
2709 2248
355 2644
1097 3685
3755 3818
1919 1620
3478 2061
1519 2128
443 379
3641 3889
1238 1472
3000 375
2965 1159
3443 3914
1170 228
858 2198
3510 2702
805 2474
2747 2961
2136 1914
3345 3667
826 459
3926 2888
1141 850
174 2935
753 966
1209 3960
1863 673
2718 1803
3378 2317
3158 565
2622 532
3989 2718
2734 1256
61 2101
2226 3750
641 1734
318 2188
3055 452
2015 1552
2561 3528
804 3261
2129 3421
3326 2728
1563 680
2965 751
560 208
1359 549
413 734
299 3289
2530 2878
134 110
2757 3939
2983 2841
947 2349
735 3581
1359 3350
3102 1862
2907 3454
3389 3103
1667 1766
471 628
73 3073
774 699
377 2088
837 1375
1655 1202
485 2286
3317 2186
2422 3155
193 500
1729 2015
510 234
2838 2255
2745 3143
3518 2114
2789 2110
3576 1485
1444 3937
176 1934
1120 2347
552 963
2206 265
1841 989
76 2291
952 3033
1740 3933
1663 700
1854 3375
133 2319
56 745
243 2315
2582 1748
2528 3274
1677 1363
1886 2893
70 1841
3130 3684
1195 2590
1932 1677
1237 1068
603 1469
1615 1625
1536 2365
3544 825
2094 1525
2040 1542
644 1721
1059 411
53 2697
2302 2608
1032 799
905 1605
821 1978
221 3354
1238 1198
2516 1025
1397 3946
1646 1236
1712 2547
3575 2699
282 1401
1292 555
917 1282
1196 2152
832 1368
2219 1317
1244 3277
3498 1389
1670 908
1981 2137
1246 2554
3120 3789
663 526
135 694
2399 1560
2029 2081
897 1466
2778 2256
2784 2964
3066 441
1674 3754
3626 1639
790 3574
1131 1921
1854 2479
67 1454
686 3261
196 262
2357 2929
2937 2882
553 2069
580 2604
86 1200
1670 604
3823 3974
3053 3005
2910 3848
2435 978
1967 1824
3355 931
692 833
3806 292
1259 453
2957 371
2786 3331
889 2583
3695 948
2214 2463
1562 977
1894 302
3833 2251
1313 1946
3852 3122
3724 2879
1550 3376
2606 1261
3653 2507
1513 1302
3055 2515
10 2267
2362 371
1357 3176
687 2057
3499 3032
3801 2141
3873 1457
2900 617
1342 3682
3620 3888
3939 2572
3682 1859
1868 131
2088 2236
3776 250
847 3697
3927 115
267 2968
2335 1467
380 2341
3063 3951
1699 1439
2864 566
2942 817
231 2722
3458 1669
1866 3113
2085 1108
3769 2790
3664 1484
56 1552
991 156
3444 768
3523 641
1730 521
3897 254
3436 300
15 3195
1071 762
2265 360
3000 3696
2188 224
3388 2632
211 3235
1667 1026
206 919
2804 3115
1917 2046
76 2095
514 855
2046 2424
2496 3607
1563 2097
3496 3205
1500 2533
3206 2827
3603 2656
565 3252
1880 3820
607 2618
1374 1825
3839 3632
2557 1845
1313 3910
3748 326
2069 2631
806 128
3652 3354
652 3364
3644 3097
1344 2563
2647 1850
2873 3088
408 501
2757 808
1937 3788
2079 3595
983 3016
3418 477
568 3448
575 631
3755 3541
799 632
673 1340
2797 1340
3830 24
616 2345
2108 2940
791 3481
3422 3695
398 1750
2796 3285
1681 1724
119 2998
2138 369
432 748
1476 1268
2768 3184
633 1147
2524 3794
1195 365
1220 218
108 3609
2185 1566
2240 3833
2751 3919
2750 1865
3936 2752
240 2642
2076 2834
2534 3054
421 755
1904 1107
3177 3590
3306 2558
340 2143
3854 2047
3779 334
415 3884
2308 161
2029 56
3568 1780
2191 2373
1931 3340
2642 1793
829 1162
988 2597
1686 624
3062 1118
1795 1558
1127 1007
336 1221
2663 1564
1250 358
1228 3811
432 1423
3659 3984
295 3231
3661 942
2442 896
2491 1728
3316 1108
1079 3823
2371 2872
2690 2645
3974 144
849 446
324 631
312 3148
1427 1011
2724 816
235 523
1372 2211
733 601
2341 102
1019 788
1345 3090
364 3587
2601 2920
3560 2844
716 3096
2164 1367
517 249
2275 2992
1094 421
2277 2531
1095 1703
215 3583
3373 2683
228 307
1927 965
1757 2216
3584 2238
1194 397
1709 1247
3121 1747
3638 1327
2264 3239
2700 486
1662 3700
3763 350
1618 2058
1710 2148
303 3283
427 723
3277 3758
3563 578
3104 2636
251 1397
511 2538
2479 1366
669 2748
1418 2950
3403 2257
3858 3989
1804 1482
961 76
784 414
1506 726
2689 994
703 3964
3016 1448
1774 2865
2427 1311
534 422
2107 1573
2185 542
1763 3813
404 3961
558 59
3746 1167
915 53
2880 833
1796 615
615 2125
3464 2094
1155 1252
3971 3450
564 140
943 3153
871 1356
3764 3457
3210 1154
519 1178
823 246
1651 1234
1762 418
915 2099
476 3556
3152 2487
2355 3888
1994 3931
98 627
1771 2388
2181 393
2565 3838
1057 1987
3738 3588
3878 2347
2254 2250
3476 3957
1847 3677
895 2586
1319 3356
1027 2950
92 119
3208 480
2293 393
1280 3753
677 1607
653 1404
3368 3242
1750 2071
2527 164
197 3660
2850 1556
616 3377
1315 299
1846 2538
2114 2782
3404 2558
1408 3724
575 1784
1476 1139
2885 3552
74 2570
2094 438
2027 1207
3480 3667
565 967
2338 2473
3718 2695
1681 3616
2725 2553
1102 840
1701 2888
2926 2652
2330 737
1363 2679
902 1072
1895 439
380 2793
1466 2793
2536 1389
1544 3363
2996 1092
1554 3807
3301 3391
1421 2864
3944 2418
1225 970
1493 2729
158 777
246 678
2793 175
913 3327
1801 1261
784 2962
1213 87
835 1422
1667 237
1984 344
1809 2735
510 706
2139 305
2594 3097
3978 637
1442 51
1201 1224
2522 973
2257 3821
1286 1055
143 3812
2958 3091
3461 1139
83 190
162 1712
874 1918
1113 3254
3887 3310
419 2781
3556 2472
1414 180
233 3421
1278 267
1475 1452
94 1063
838 1039
2799 977
1845 3313
3035 676
3136 760
952 1350
2830 840
3211 2772
1654 1452
1396 3456
2937 3199
2672 1536
2486 2004
216 510
2167 1238
2691 50
1798 3806
3604 1470
1409 1994
2509 3333
3046 2107
3472 887
1715 1091
3469 2943
3874 451
285 654
1292 3798
2400 3725
724 207
3925 3279
2317 3119
3326 2150
1273 214
2882 12
2875 3261
1539 1893
1539 1508
1817 1401
2426 1871
1585 609
2524 3845
3778 326
2383 1841
254 3151
1969 88
3719 1423
3031 2886
1672 1151
2410 3243
2350 2255
3994 1437
1595 2302
3358 3004
3307 1894
1167 1548
2544 1819
2016 3384
1122 1468
70 3107
1335 1420
1942 1858
3311 3380
2808 3387
3741 729
707 3308
141 1880
928 3612
2747 3276
3975 529
519 3817
3120 3542
1512 1515
1385 1364
1850 1352
1076 1100
1721 2227
982 447
3224 663
3770 295
2326 1166
81 1592
1573 1501
2945 1926
2667 279
1786 2847
367 1192
1749 470
1829 2325
3720 553
345 1316
2979 2451
1449 2783
2590 2342
1184 1142
1254 460
44 2126
532 273
3887 110
1840 3512
2133 3629
3861 2497
1277 732
1956 1433
1398 2101
2806 1725
599 1729
2355 817
681 2259
2696 2382
1157 212
1419 1299
1895 3531
3582 3095
2547 3884
195 3961
3411 3504
3828 3280
649 2039
1873 199
468 1176
3764 2971
237 1330
2032 2917
3128 1265
451 120
2145 1564
2209 2029
1671 3427
3896 2749
1685 2191
3575 3007
835 232
2942 1641
3598 3204
2252 3639
3195 2798
527 2499
1036 3442
2600 3378
2408 2944
3396 3672
475 590
2963 512
1974 3957
3756 1729
1764 1687
3224 182
1329 1990
331 328
276 2889
1101 2161
3515 3032
1487 3857
2606 1780
2330 3782
1516 387
2601 1750
3455 3744
331 2600
2602 1812
1820 1933
2187 395
1344 2110
3973 3371
3714 3453
1351 1840
579 2408
1369 221
148 1472
2855 579
2970 273
2582 2904
1504 2716
596 2883
2686 2454
1827 2959
86 2748
3254 329
3064 339
901 3410
706 3267
3523 930
793 1062
3665 1764
528 1061
2452 3493
2118 1436
3155 815
699 1782
2722 927
3537 3621
1607 292
2295 3418
1609 1245
1993 409
2135 3877
3664 3802
865 675
116 3516
1590 3475
482 2808
185 1972
54 2656
2953 474
3288 3139
2744 2958
3837 2790
3070 3451
3182 80
980 2684
2434 2849
3893 2349
2537 18
146 1721
1218 2828
3849 2272
502 2322
1484 436
1504 477
230 1226
2632 3913
72 3417
335 57
831 3450
710 3152
681 190
2528 1885
2868 2472
2855 876
129 84
620 2038
2856 3164
2856 2662
2932 1030
2543 2641
3338 118
453 1338
1914 1166
3413 3225
2381 3887
1921 2120
490 3228
1028 1446
3469 1290
2188 91
3892 438
3665 1398
1129 564
2939 2563
2054 1093
2911 543
51 1087
2267 2869
670 862
1760 2904
3755 1906
2597 3702
1362 2936
1354 616
2812 3019
3649 3815
41 3593
514 2914
536 2501
3733 646
1824 1973
3930 1832
359 3006
3077 997
1636 118
877 3845
2780 622
2440 665
2124 842
3256 1481
899 2730
3517 422
1585 3651
3298 2222
2572 779
1263 940
2547 1921
797 111
779 3278
2785 1991
222 1700
2696 633
3031 186
951 846
1290 3232
2581 2770
3386 2908
964 1155
3447 3086
1409 456
514 2738
2324 1954
666 3638
2370 254
3815 1039
3922 961
3674 3253
3888 1847
2551 325
2586 535
637 3069
752 1631
213 157
2500 1618
573 957
1161 1849
744 2815
406 1902
1981 1312
1798 276
613 3450
981 3605
933 3377
74 956
2020 711
3824 2557
3676 3067
3158 2730
2927 2986
1265 235
1838 3845
3836 3248
763 703
3264 3060
2067 3632
1761 2189
2958 3712
161 3286
2866 2390
401 119
2451 1137
2654 3790
3006 2193
666 1340
38 372
3363 1311
1423 3531
3547 2087
3906 3537
268 3505
3670 3560
1868 2943
3802 831
617 390
891 3365
3876 750
2457 3974
2757 2743
783 2386
3547 3455
1492 3643
2174 2869
518 3645
976 695
1795 1962
2443 463
3991 3729
673 285
1182 1229
2420 837
265 1487
3364 2353
705 2937
1323 1091
1845 3432
3749 3988
465 2484
1356 220
3525 85
3691 3591
1814 1743
2825 3347
1525 842
1936 2595
1651 176
2508 1824
3296 3838
3421 2345
1915 3028
2902 1809
3573 784
2022 2633
1966 1200
1477 3508
3393 512
2668 2876
2848 3335
276 3983
3052 1706
2132 2202
1567 1614
983 3422
223 1959
1574 2898
116 1498
3328 892
240 728
2491 696
3990 670
146 2842
244 2336
3072 900
3902 80
2643 526
1771 2263
350 454
3657 2897
2943 3417
1842 1704
2007 214
113 1299
2447 3309
3425 1898
2524 880
455 1729
2823 846
2932 585
1071 2830
1831 2023
886 1032
673 771
404 775
66 3958
1859 3379
1896 496
1286 1600
3100 581
2614 1253
3417 3095
2784 1989
597 2767
859 442
3550 1881
3819 3187
2846 3703
109 3997
3210 773
2319 240
99 2508
1061 3943
3198 625
2800 2790
622 2489
54 3518
1624 811
3920 3458
1475 1292
2274 1924
2828 10
2191 3472
3424 2540
2726 2716
1505 2916
667 2995
3945 993
2350 2958
2692 188
579 2554
3110 2800
2201 439
534 1265
3320 2940
768 2644
3113 1007
1175 937
3994 2112
2874 2139
2252 1585
3740 685
2119 2110
3778 3712
469 2724
3891 3714
1050 601
3009 2289
1103 915
178 2280
3141 2111
2229 1802
1097 1887
612 2199
1592 1541
3757 2472
3009 3951
2285 3736
96 137
3730 234
163 679
1718 475
443 1965
2369 708
1146 1075
2263 1863
3239 3705
545 2291
409 3812
672 3222
2075 1143
2287 1729
3965 2366
429 2286
2663 1931
2667 1368
2497 3592
2462 3308
3642 1378
1930 1403
726 3440
1789 762
3754 1250
1788 1729
1185 2880
1456 1868
756 1241
938 487
3956 2806
3055 882
1935 3724
2607 2127
1324 1044
3066 703
1095 74
2240 594
3177 152
3023 499
2914 2302
2579 3856
2582 1436
2592 1730
1966 1077
3403 859
1886 3086
3184 2089
3744 3761
3282 3055
677 2833
1183 2481
554 2508
3527 894
2873 3470
855 535
698 2242
2553 169
2023 2236
2155 974
1899 2337
624 1424
3623 1069
1265 3803
1833 2247
3645 2494
2418 2245
2575 292
817 253
3819 1877
3827 2451
2612 1772
2249 509
470 2258
437 1153
3928 843
2766 289
991 2471
756 1851
768 2331
1027 3536
1438 11
2219 2521
1058 2481
390 2980
3151 1734
845 2764
2444 570
2211 307
1100 3866
2995 2971
2049 3024
2439 264
1566 3294
15 2175
1728 456
1385 2145
1538 2772
1655 2737
392 397
425 2193
1309 1208
1454 585
350 2916
3898 936
2044 2015
739 797
3531 3374
3012 932
489 259
212 2047
3364 2418
1052 1822
101 3210
2193 2763
210 2094
1516 1056
2467 2170
277 1412
2906 1429
2958 2732
2260 431
1724 3984
2256 1150
2358 3723
439 967
1635 1518
3769 743
1102 877
631 1364
961 926
2522 955
2064 3683
2723 2003
2735 230
3436 3838
2816 2240
2641 3064
205 2339
3158 1292
662 3818
2162 3855
2854 1619
475 2478
96 234
1418 1190
3068 909
1209 3744
8 1326
3191 1790
3907 2336
3688 1020
3861 1470
3455 477
605 1304
2560 2363
3042 1573
1363 339
220 270
2802 3833
3402 568
3796 882
2145 499
542 3289
1494 547
2792 386
1482 668
3268 3032
2291 3223
262 3167
2396 1175
2437 3003
59 2743
3404 3529
1560 2045
2827 3254
3920 1372
1618 3422
341 1865
1198 800
3984 3506
647 1247
994 2275
2820 2019
1466 2307
2489 1072
926 2534
6 3101
251 2830
3933 1625
2240 2367
2484 1601
3372 3008
2281 1463
3959 892
1755 2576
2509 1144
2948 3339
3129 801
2742 2891
2821 169
1302 1931
3315 2123
1034 137
2416 1541
2465 164
2535 3334
1658 2643
2895 3491
1448 1191
3212 3539
624 3403
840 2996
893 1385
368 1636
3017 3001
975 1141
295 3539
317 2352
172 3880
161 3075
3774 2532
3759 84
2996 674
1826 3862
3976 2471
647 1256
2152 2992
3063 342
681 1836
972 293
273 338
543 1352
1463 3344
3023 347
69 3181
1739 326
3163 3470
1932 3418
1938 2474
1141 229
2367 2823
3478 1163
2042 8
2598 71
3077 2849
3438 2740
62 2267
2505 3308
2224 2570
3167 1700
2816 3636
2624 3399
2356 2310
1881 1765
667 2374
3887 2375
135 2348
3539 3698
3466 2194
1115 3503
3984 976
1975 328
3847 1124
1936 2788
2737 1744
1301 2149
163 3765
522 1490
2059 2998
3570 3834
499 2904
1690 1050
1144 1568
3013 3853
2916 2667
1614 1036
2801 2300
536 237
3340 2593
1573 1519
2614 3199
2296 3919
2457 682
1591 1235
2876 2844
3173 2714
250 3201
3002 2897
3445 2565
97 847
1688 1766
3107 2255
3217 3879
1357 869
1823 2558
3797 3764
1846 2498
1298 1971
1436 2046
2474 1718
1463 1363
3722 718
2530 1058
416 3132
240 1093
1080 1676
231 38
1331 3248
1862 3874
2860 3163
1942 1641
3975 2655
1551 3750
2420 2203
1064 1085
446 2945
1968 2933
3500 3195
2447 295
3112 1345
1827 565
2386 1027
2086 1280
1582 1459
65 1611
2899 359
3884 1205
2274 2552
3546 3111
3841 983
2001 1031
418 3727
407 821
787 2076
3946 2012
2288 3121
244 604
3552 2174
2115 903
317 1957
545 848
330 1445
49 1596
2621 3613
2955 775
1691 2849
3111 1315
3756 2397
3766 149
2539 3470
2428 2212
2091 841
553 2445
3310 3132
1950 1314
522 1612
1823 2504
3059 1946
1768 1514
1035 979
3952 2063
3619 1848
1775 873
1711 2803
3241 1063
2557 3491
3505 3414
2199 1797
3106 2189
1255 1317
1992 3640
785 3701
3564 1738
3891 2883
2824 3428
3786 3396
3056 129
1512 132
3380 1505
1962 3573
683 3130
791 3417
3227 2259
2060 3848
2508 489
43 2965
2072 3131
3630 2765
1649 1422
924 3574
381 2635
3716 2053
291 3434
3023 2018
2279 3997
420 761
1514 2603
2092 746
2466 1036
3566 509
2889 1552
1532 3375
3298 2107
1575 3427
656 2001
2036 3206
3681 914
1855 2607
1700 741
3455 321
1187 422
3174 2217
3154 3933
621 1320
2019 1271
1538 726
3868 2764
166 2914
2627 3397
165 2279
655 335
603 1196
2954 710
270 830
2761 574
3123 362
3738 135
328 510
1274 1372
3830 2123
3332 1618
873 614
85 3759
149 2980
563 652
2675 2725
1406 3536
540 2863
417 2528
2714 1206
1719 1291
3951 885
517 76
343 1541
449 3342
1801 2067
609 924
142 1826
1475 1234
2734 2683
1020 590
3604 853
2116 1298
2989 1375
3148 3445
1995 1753
3154 2400
1828 1504
909 2200
1649 2589
816 2822
2292 3613
1447 20
2839 1705
3068 524
3346 1596
1461 3805
2679 838
3212 1894
1567 2016
3778 3715
3958 3847
1242 574
2569 2845
1826 2273
3980 1428
3345 938
361 3596
3206 853
2415 2093
2216 3237
1232 2600
2611 1689
3029 1257
2606 10
839 1856
208 881
536 2597
987 579
569 1997
1534 2842
2986 1261
1645 1527
1992 587
2068 6
3011 3608
1943 1235
1360 2360
1988 3052
267 2199
1315 2251
807 1280
2235 2457
1933 1357
3890 1433
3599 1307
3590 2848
2488 1243
1141 2993
1439 1575
2270 3646
823 2313
2232 2624
2920 253
2222 3151
2340 1491
651 2185
187 3687
2787 391
2476 2313
3262 751
135 2908
3158 2084
2972 2241
3458 232
3302 2068
2830 2655
3717 3894
1261 1518
3262 1534
165 2940
1931 3213
2236 1460
1801 72
3279 1816
3378 1877
1936 508
924 3516
3019 759
427 3922
3999 3481
3336 3160
542 3158
3056 706
11 2661
3803 1245
2097 1925
983 1006
2991 127
1475 834
2298 2266
2255 627
47 3357
1178 2661
1639 2556
637 1734
1627 1471
1718 3869
2326 1556
1681 334
2558 820
2110 482
3043 3418
2297 1888
341 61
1729 303
3063 2908
1773 2774
645 1453
3037 2525
2015 3124
3422 309
1561 2792
1958 2712
133 3359
2972 2375
686 324
3746 3070
2328 3938
3642 581
3914 3968
3101 2414
1996 531
2606 1201
2752 1452
3870 1313
296 3121
556 1973
551 1344
3467 1387
847 3399
315 2951
770 1879
639 2403
2050 453
1586 1988
2152 3053
238 3852
2327 891
1833 2936
294 744
1543 3223
1829 101
3047 1596
1327 965
2959 739
411 235
456 1492
2369 904
1600 112
2598 2840
3018 1452
213 2265
2456 1143
1166 3384
2591 737
3476 287
938 2537
657 2126
2748 1208
2502 262
2668 2415
2909 954
713 531
2824 2311
2326 3986
2492 957
1622 3545
2156 3734
2685 3144
3221 834
2978 3300
1183 2455
3574 11
3385 3120
753 102
478 3778
3610 455
3937 3298
1760 3575
2099 3845
246 2360
888 2124
1827 684
527 341
1057 2093
3646 1354
194 3592
3689 2226
1798 2385
2857 2669
3523 113
3234 3217
3091 2016
1226 786
2929 3128
1279 1245
877 2782
775 1110
2514 3315
1310 974
2136 3288
1878 1473
1068 401
1145 444
1026 3565
1553 3177
89 2477
3788 287
3572 1158
1170 2375
96 1736
381 3462
1623 1412
69 2922
3574 2438
3893 284
556 1742
119 2358
1657 1640
3897 2477
1807 580
810 1654
1844 1483
772 3876
3054 2014
3852 24
1327 1440
1885 1548
2380 1940
1861 257
3000 3481
361 1317
3511 3537
3830 1499
636 1759
1076 496
3400 2470
835 101
2422 45
1589 2362
491 3927
3535 2742
2574 1898
3651 3601
3295 2953
1382 890
3712 2200
1531 3779
442 471
25 3000
3799 2541
3679 431
412 3993
2428 2869
1525 69
1624 2735
1278 3408
785 1143
2367 2586
164 1415
2753 20
2197 619
2878 3988
3189 2660
1011 3997
3218 1135
2072 1647
2724 1878
441 3800
3051 2254
3866 3935
861 992
3806 2905
40 40
1230 1513
824 3022
707 3696
1203 305
3117 1169
3145 2676
25 1055
1665 252
959 3027
2726 3739
2261 2955
931 2162
2428 3353
447 1790
470 2158
1901 3359
2866 2933
478 1118
609 215
463 1683
3373 2714
1156 1398
3836 1557
992 2319
2239 3349
1162 768
74 1027
2828 239
2849 461
936 3087
1270 3053
1123 760
2497 1895
1017 3458
220 3515
1751 3546
1759 3081
756 3824
2731 1274
839 1336
3835 3015
933 3654
1663 175
3707 3514
2326 1879
2061 483
2147 311
3891 618
1722 289
223 2191
2692 2996
3810 3604
197 2926
2218 3340
2698 1799
1355 892
3161 3320
3845 94
3412 196
1509 2505
2374 2245
2672 3959
2400 1761
324 1784
1970 2457
38 812
3184 12
2891 231
713 2896
3584 1530
361 1184
1951 2721
2243 3611
1188 3557
3450 1885
127 1389
3944 2063
2839 2761
1143 299
3000 517
617 2576
486 3652
2157 2595
3712 184
3819 497
1254 3795
3596 416
2 1794
1532 625
3933 2713
388 955
2478 1816
2868 1989
1466 35
794 2470
3586 172
2459 2036
1869 2386
2906 545
3255 475
3440 2557
3888 3238
95 2638
2319 1994
2436 3749
1033 3727
1904 2026
1935 1492
1621 748
2282 3969
2956 2800
1823 2318
2382 886
1924 3367
2699 974
3480 3246
2778 3971
518 2628
1614 1476
787 2198
1661 826
3800 3140
730 3162
2697 3485
794 1305
2024 1905
547 1362
2940 1425
3730 386
948 160
3622 3827
891 1254
2659 1635
3146 917
912 3244
3472 1897
2024 1507
1042 1730
2676 3849
1998 1023
3307 191
2287 1988
885 2153
1190 635
3157 358
3598 1674
3031 2335
431 1820
220 1477
91 206
2916 3989
146 2978
2889 3330
492 3512
1139 1786
2165 166
1256 2866
1675 697
2616 3699
2075 1700
3610 2828
3740 3404
3773 1720
2135 268
3728 337
809 3205
3263 1459
528 2123
1290 2014
732 494
2953 1662
1858 2372
2262 3032
3803 1261
3854 3916
906 1714
1179 2039
2801 573
1964 2073
1050 1106
2665 118
1269 543
3577 2412
2750 904
3574 2581
1947 1416
825 3018
718 391
1204 1193
3046 2324
1451 807
3042 509
200 3875
3019 1706
1298 2891
2280 775
722 1044
3255 2312
2313 3085
1526 3289
2307 3590
788 2274
2608 1203
1271 3850
1792 641
773 902
2398 1363
1222 1416
2377 164
1138 2962
1450 1490
1252 2952
3629 726
3677 3950
3771 396
1759 1217
2411 3130
1433 1619
3353 64
254 1292
1450 1289
432 53
959 103
107 3308
2628 749
1536 2152
2799 3718
1714 1684
118 1900
3426 1237
2186 3683
1925 2915
1967 1965
3137 3110
2254 1785
1331 110
180 2470
285 2487
257 2572
645 3374
3058 888
2005 2030
3407 587
3429 3283
3060 2445
121 3224
3330 162
1852 1783
1342 2750
756 2420
2897 1843
3584 3499
1820 102
2988 1765
3880 3685
2114 1160
1748 191
1501 1699
251 418
2403 2758
1871 1522
3036 3468
2385 2195
349 3565
1636 844
3211 3863
526 3211
3885 3863
1431 3310
277 1264
1404 599
3573 578
1576 2341
486 3989
3277 3059
1801 2502
2174 3802
446 979
617 3787
2539 870
1745 794
1238 3695
3408 585
1263 2273
3143 383
475 3688
1772 2912
3076 1846
88 3316
875 1314
2361 724
2952 2786
3869 3861
3525 2446
759 2984
3657 2110
2112 3486
2807 1121
1748 1915
2383 1753
1843 2266
410 3802
1437 816
1053 3931
3786 2733
1178 2839
2278 2348
34 3506
746 3469
2379 60
2722 3828
1020 2281
1045 1061
2128 3823
1098 1295
221 954
951 2926
2378 1671
306 3407
1036 60
3865 1612
1069 800
3606 1125
2469 1746
3738 3048
3169 1322
213 505
2584 1125
3451 225
2952 535
2364 2572
1894 1498
3186 785
2525 3442
1784 3389
911 3861
482 1907
2046 3179
1355 2924
2007 1221
3880 1811
621 1043
3172 3005
3830 3909
2924 1311
2985 123
1584 644
813 1041
1847 404
774 957
1226 3702
176 1744
500 3318
302 1324
2274 2222
3376 3555
3842 598
828 3583
3803 1805
2698 3522
3114 1355
1086 2313
2635 1150
3084 3553
3990 2670
1044 2301
3600 2051
2660 1163
350 1480
1499 3243
3958 357
2388 1752
1401 187
3635 2601
1853 53
1875 0
3165 3345
1150 2927
3156 1492
1386 1834
1425 1626
358 1493
1161 141
1354 951
215 2673
2760 1725
1353 189
3250 2306
3084 1708
2507 3355
2092 228
2123 1391
865 2506
3838 1032
2871 1662
3123 363
857 167
1150 2708
1553 3190
3217 1174
826 569
206 3986
3917 3610
2316 3766
1426 2801
2248 2984
920 2169
39 581
2680 3270
1677 3324
3303 3701
1787 1816
1649 1287
2191 2619
2254 3556
3008 2612
3725 1356
104 2313
148 767
3163 2008
1353 572
805 3393
3718 2849
1014 1599
1243 3074
3034 1377
1546 930
1799 252
1276 3637
3155 3092
3650 3516
2419 2469
2959 2438
3129 2098
1844 1093
3825 896
2798 3794
1816 3304
1581 1025
2465 643
2007 1407
1828 1363
102 2992
3941 3535
2564 52
1001 3028
1182 723
94 2336
2831 705
3101 1220
2730 3778
453 3976
2321 2999
3251 3031
369 1581
1220 3974
2189 3398
3139 132
1514 355
3326 1669
3402 1468
140 1285
3281 3064
1860 1070
1672 3817
641 2645
2760 1885
2721 2538
2051 2936
950 3891
1086 2589
1716 95
3501 966
2199 2672
3370 1290
1733 534
1660 724
1118 3401
3401 2333
3976 2572
2403 2518
1816 1965
556 1267
3790 1795
918 3039
3206 839
455 3665
2743 1158
2225 3210
1033 2255
2694 2153
1687 1175
3996 1555
808 3254
2825 2741
1566 3214
3266 2852
1337 570
1703 843
3789 1916
1451 2613
2458 2033
788 1292
447 1920
2882 2208
1455 1352
2393 3549
2109 208
2092 1909
1 1973
1482 3654
506 31
3712 2998
197 3229
698 2039
2009 3908
1957 2408
1930 1244
2906 3600
955 1867
2343 1967
85 418
3634 407
1134 1160
3094 3637
2810 208
2289 836
3431 2736
3857 3487
3129 2519
2737 1567
3788 3599
3300 364
1348 821
1744 498
3909 961
482 2195
129 3665
2795 3193
406 2124
497 2284
3603 3985
608 1159
1141 54
1676 1980
3757 2002
2354 103
3250 605
1541 3174
1448 3082
696 3512
3629 857
1450 1071
1385 3622
3262 183
3505 1181
636 227
1029 202
893 719
3189 2507
1115 1170
2786 1316
2658 2689
188 2628
1843 1405
2907 300
541 3648
1888 1087
3076 1133
811 3278
2644 3146
3904 1957
453 2735
600 2139
1299 2343
2942 413
3257 1211
3168 792
508 2128
95 66
753 3126
2068 3855
3140 706
1085 1244
3908 2163
3561 2516
2496 3099
2729 209
732 737
730 3891
2792 163
170 2411
1338 1011
73 3825
2462 1105
37 1382
568 713
50 1687
620 907
419 2028
683 898
3968 3619
1840 1963
933 1253
1620 650
610 2228
1263 2977
3260 3654
3436 730
1590 480
2928 3517
1884 2404
871 2430
3929 1804
2747 2184
1017 2670
1251 3135
871 3493
1910 2895
2048 2447
2154 2721
256 2520
3704 3320
513 1477
1017 2604
516 1717
819 3786
1352 287
3335 1563
2143 102
3123 3240
1007 3469
3845 3416
620 3610
3295 1489
1842 1038
1681 2036
919 2175
3183 3717
38 3455
2227 3694
1191 505
2546 807
1838 867
1385 46
396 998
407 1529
802 756
1632 1679
2687 1819
2054 2703
1253 3492
1602 852
1137 2245
1757 1841
3353 1391
3962 362
3383 2513
78 924
2280 2365
505 353
1451 1265
764 2487
1375 851
1635 843
1654 2327
2 3699
123 2306
1583 2890
1743 859
245 2264
2142 1871
514 708
773 936
1476 1291
1359 1784
112 3955
1846 3299
2164 3573
1470 2407
1727 1426
393 3815
90 1102
1647 3716
2100 2285
1191 301
3480 3220
2500 2992
1895 1586
912 1715
2386 1185
3178 1400
3617 3108
1053 2553
1321 3073
3307 1105
180 3895
2565 3532
3930 3190
887 769
155 3068
2121 1080
1192 2476
1330 1405
2710 2741
2464 146
2107 3847
1478 3610
2584 2491
1821 112
2474 2752
