0
1
0
3
4
5
0
7
8
9
10
0
12
13
14
0
16
17
18
19
20
21
0
23
0
0
26
0
28
29
30
31
0
33
0
35
36
0
0
1
40
41
42
43
44
45
46
0
48
0
0
51
52
0
0
55
0
57
58
0
60
61
62
63
0
0
0
67
0
0
0
71
72
0
0
75
0
77
0
0
80
0
82
0
0
0
0
87
0
89
0
0
0
93
0
0
0
0
98
0
100
0
102
103
104
0
106
0
108
0
110
111
112
0
114
0
116
117
0
0
120
0
122
123
0
125
126
0
128
0
130
131
132
0
110
135
136
137
0
0
140
141
0
143
0
145
0
0
148
111
150
151
152
153
154
0
156
0
158
159
0
0
162
163
0
0
0
167
0
169
0
0
172
173
0
175
0
177
178
0
180
0
0
183
184
185
186
187
188
189
0
191
0
193
194
195
0
0
0
199
200
201
0
203
204
205
0
0
208
0
0
0
0
0
214
0
0
217
218
219
0
0
222
0
0
225
226
227
0
229
0
0
136
0
0
235
236
0
0
239
0
241
242
243
244
0
0
0
248
249
0
0
252
253
254
255
256
0
0
259
260
261
0
263
264
265
0
0
0
269
0
271
0
0
274
275
0
188
0
279
148
281
0
283
0
183
286
287
288
289
290
0
292
293
294
0
296
297
0
299
0
301
0
0
304
305
0
0
308
309
310
20
0
313
0
315
316
0
0
0
320
321
322
0
0
325
0
249
0
329
330
0
0
333
334
0
336
337
338
339
102
0
342
0
82
0
0
347
0
0
0
0
352
353
354
0
356
357
0
0
360
0
0
363
0
365
366
0
0
0
370
371
0
373
354
0
376
0
378
0
102
0
382
383
384
385
199
387
0
389
390
391
0
393
394
0
396
397
371
399
0
0
402
403
404
0
0
0
408
0
0
235
0
0
414
415
416
0
418
199
420
0
0
423
424
0
426
0
428
0
430
0
0
433
434
435
436
0
438
0
0
0
442
0
444
0
0
0
448
235
450
120
0
0
454
0
0
457
293
0
460
461
0
0
464
0
466
467
0
0
0
471
235
473
0
0
0
0
0
479
480
481
0
483
484
0
0
0
57
0
490
0
252
253
334
495
496
497
0
499
500
501
0
503
0
353
31
507
0
509
0
511
512
0
0
515
516
0
518
0
520
521
522
523
524
525
0
0
0
529
0
531
0
529
0
535
0
0
538
539
540
0
0
0
544
0
546
547
461
0
550
0
253
188
0
555
0
557
0
46
208
561
562
0
140
565
566
567
0
569
570
571
572
573
0
365
576
577
0
0
580
581
582
583
584
585
0
0
342
589
0
591
500
184
0
0
596
597
598
0
0
601
0
0
604
605
606
292
608
0
0
188
0
0
0
10
616
390
0
619
0
0
0
623
442
625
626
627
628
629
630
365
632
0
214
635
0
371
638
0
640
371
642
643
0
0
646
538
648
649
650
0
0
0
183
0
0
0
658
659
0
0
662
0
0
665
183
48
668
297
584
671
0
183
674
675
676
0
183
679
680
0
682
0
0
685
0
687
0
689
690
0
692
693
694
695
696
0
0
0
700
701
702
103
704
0
706
707
708
709
0
711
712
531
714
715
0
717
391
719
720
0
722
723
0
0
0
727
728
0
0
0
0
601
734
0
736
0
738
0
0
741
742
0
744
0
0
747
0
749
0
751
0
102
0
535
0
757
758
538
760
761
762
103
764
60
0
767
0
0
770
771
0
0
0
775
776
777
0
779
0
781
0
0
0
0
786
787
0
789
0
791
792
793
0
0
796
0
798
0
0
801
0
0
804
0
128
807
329
0
0
371
812
813
814
815
0
253
818
0
0
0
791
0
824
0
0
0
0
0
830
0
0
833
834
0
836
837
815
839
0
585
842
843
844
596
846
297
848
0
850
851
0
0
854
535
0
0
858
442
842
0
862
863
0
0
866
867
0
869
0
0
0
0
874
0
0
0
71
71
880
881
882
883
0
885
0
0
0
889
890
0
892
0
894
371
0
0
898
0
900
901
0
903
904
905
0
907
908
0
910
0
0
851
0
0
916
585
371
919
0
921
0
289
0
925
926
0
928
929
930
931
0
0
934
0
214
0
0
939
0
0
942
943
0
123
946
0
0
949
0
0
0
44
954
0
956
957
958
0
960
0
0
253
0
751
966
967
968
969
970
971
293
973
0
0
0
977
608
979
0
723
0
0
984
0
986
0
0
0
990
0
0
0
0
0
0
997
998
999
1000
1001
1002
1003
1004
1005
0
0
1002
1009
1010
1011
1012
1013
0
1015
627
0
1018
0
0
968
1022
283
1024
0
0
0
1028
0
0
0
0
0
137
979
60
0
0
815
1040
1041
521
1043
894
71
1046
1047
1048
682
601
1051
347
0
1054
668
1056
1057
1058
235
1060
71
1062
0
1064
1065
1066
0
0
0
1070
0
0
1073
253
1075
0
0
1078
0
0
570
1082
1083
1084
1085
0
1087
0
1089
1090
0
1092
1093
0
0
0
1097
1098
1099
0
1101
0
0
0
1105
1106
1107
1108
1109
867
522
0
329
1114
0
376
1117
0
1119
779
1121
1122
760
1124
0
1126
0
570
140
0
1131
1132
1133
371
0
0
1041
0
1139
1140
0
1142
0
0
444
0
1147
1148
1149
0
1151
0
0
1154
0
1156
0
0
1159
371
0
0
1163
0
0
0
1167
1168
0
0
0
1172
1173
63
0
0
0
0
1073
1180
0
723
1183
0
0
1186
0
0
601
635
301
0
186
397
0
0
0
0
1199
0
1201
0
0
0
1205
1206
711
1208
0
1210
0
1212
87
0
0
1216
0
10
1219
0
1221
0
1223
1224
970
0
1227
1228
1229
0
1231
371
0
0
1235
1236
0
0
0
1240
1241
0
1243
1244
1245
702
1247
761
1249
0
0
0
0
0
0
538
1257
1258
0
1260
0
466
0
188
0
0
1267
1268
0
1270
1271
0
214
0
1275
1276
0
0
1245
1280
20
585
1283
1284
1285
112
1287
1288
371
1290
371
555
1293
585
1295
1296
0
0
0
1300
791
390
0
1304
0
1306
1307
111
0
0
1311
1312
1313
0
299
0
1317
1318
1319
0
0
1322
0
894
1325
751
751
1328
292
0
0
1332
0
1334
0
1336
570
0
1339
1340
1341
0
1343
0
442
1346
188
0
0
1350
0
0
189
0
0
0
0
371
0
0
1361
1362
0
365
1365
0
1367
1368
0
1370
1371
0
0
1374
851
1376
0
71
1379
842
1381
890
0
0
0
0
1387
1388
0
1390
208
387
547
483
1395
1047
0
1398
1399
1400
187
0
1403
0
8
0
0
1408
0
889
0
1412
1413
180
0
0
1417
635
0
1420
0
1422
0
1208
0
573
0
1428
122
0
214
0
0
235
1435
371
0
0
0
1440
659
0
1443
0
1445
1446
0
20
0
0
0
1452
1453
585
0
0
0
1458
509
0
1461
1462
0
1464
1465
0
0
1468
1469
0
136
1472
1473
0
0
371
1477
0
535
585
1481
668
0
0
1485
0
342
0
0
1490
0
0
0
547
0
1496
1497
1498
1499
889
0
0
807
0
0
0
1507
1508
880
0
0
0
390
0
1515
387
1517
0
0
1520
1005
971
1523
1524
0
1526
1527
1528
659
1530
334
0
0
1534
1535
0
1537
0
1508
0
0
1542
0
244
1545
930
1547
1548
0
0
0
0
0
1554
1555
1556
1557
1558
466
1560
0
977
0
20
1565
334
60
1568
1569
0
1571
1572
0
1574
0
102
1577
1578
292
1580
0
0
235
0
0
0
0
297
371
480
0
0
1593
0
0
0
1597
1598
0
112
0
0
1603
1604
1605
0
292
1608
1245
148
1611
1612
1613
60
1615
0
0
0
0
0
0
874
0
0
1625
0
0
1628
0
1630
0
0
1633
1634
0
0
1070
0
1639
0
260
1642
1643
1644
1527
1236
0
1648
0
1650
0
1652
1653
0
0
723
0
0
1659
0
0
214
175
0
252
1666
0
1668
203
604
535
0
244
0
0
0
0
0
0
1680
0
1682
0
0
0
442
0
254
1689
601
461
1692
1403
57
1695
1696
1697
1698
0
741
0
1702
843
1704
0
0
1707
1708
0
1710
570
1205
1713
0
0
0
1717
0
371
910
0
289
1403
0
0
1726
573
0
0
521
1731
1732
0
371
1735
1736
0
1738
0
0
40
0
148
0
0
256
1747
191
0
371
299
1752
1753
986
0
701
0
1758
0
0
1761
0
0
0
0
254
1752
0
0
1770
0
0
0
1774
0
1776
1777
1778
1779
0
183
1782
1783
1784
1785
1786
0
0
382
0
1791
371
1793
1794
0
10
0
0
252
1800
0
172
0
668
1805
0
244
1808
0
5
1811
1812
0
148
1815
0
187
0
1819
0
112
1822
0
0
1825
0
0
0
0
1830
0
1832
538
40
1835
1836
1837
0
676
0
0
0
0
0
1845
0
0
1848
0
0
45
1783
0
0
1855
1856
1857
1858
0
0
0
0
183
1864
1865
0
0
131
0
57
971
1872
199
1874
0
1876
1877
1473
1879
1047
0
1882
0
0
0
183
1887
371
585
1890
1149
1892
1893
0
0
496
0
1898
1899
1900
1901
342
1903
0
1905
371
325
1908
0
0
1911
0
1913
0
1915
1887
371
1918
0
0
1921
1922
0
1924
0
0
0
20
1929
137
390
0
0
0
0
0
287
0
1939
0
1941
260
1235
1944
1945
1946
0
1948
1149
0
1951
1952
1953
1954
1955
0
0
0
1959
1960
208
0
0
1964
0
0
0
538
0
0
1971
1972
1973
807
0
1976
0
0
1979
0
760
1982
1983
82
0
1986
1987
0
1989
1990
1991
0
0
1994
1753
0
1997
0
1999
2000
0
2002
2003
188
187
0
0
2008
796
0
2011
2012
1752
2014
0
103
136
2018
0
219
2021
0
0
1507
2025
0
711
2028
0
2030
0
0
2033
2034
0
0
0
1999
2039
1542
2041
8
0
0
2045
371
0
0
433
0
2051
1752
2053
1093
2055
2056
2057
0
0
0
483
2062
555
2064
0
2066
2067
0
188
2070
2071
0
2073
2074
0
2076
2077
2078
0
0
2081
2082
0
0
1108
1280
2087
0
0
2090
585
0
2093
0
0
0
0
1472
0
0
2101
2102
2103
751
0
265
0
0
0
0
2111
1994
0
0
903
0
2117
371
0
2120
0
2122
208
842
10
2126
2127
0
0
2130
2131
2132
0
0
0
0
2137
0
0
2140
2141
0
102
2144
0
2146
20
2148
791
2150
2151
0
2153
0
0
2156
1446
2158
2159
2160
2161
2162
2163
0
0
2166
0
2168
0
235
2171
204
0
0
2175
2176
2177
2178
2179
2180
0
2182
0
2184
0
0
0
0
2189
103
0
0
0
2194
791
2196
0
2198
0
0
0
2202
0
2204
2205
265
1073
2208
0
2210
0
0
2213
0
0
793
0
0
1317
131
2221
371
2223
807
0
0
0
0
172
2230
2231
0
0
0
0
0
2237
2238
0
0
1224
0
112
2244
1041
219
538
0
509
2250
2251
0
2253
0
627
0
2257
2258
2259
0
0
2262
183
0
360
2266
573
148
2269
0
2271
2272
2087
371
702
2276
0
0
2279
775
0
0
2283
2284
0
0
0
1747
836
102
0
0
393
723
0
0
0
0
2299
2300
2301
0
2303
0
0
438
0
0
2309
807
2311
0
2251
218
1024
111
371
2318
0
2320
0
0
2323
1954
0
0
0
0
2329
0
2331
2332
0
0
0
2336
2337
0
2339
0
102
2342
0
1461
2345
2346
2347
2348
0
0
2351
2352
102
0
0
0
0
0
2359
0
0
371
2363
779
851
271
103
2368
708
254
0
2372
2373
1041
2375
2376
0
535
60
0
0
0
0
2384
0
0
2387
1752
2389
2390
0
2392
0
0
1987
0
2397
0
62
0
2126
2402
0
2404
2405
0
0
102
0
2410
0
0
0
0
148
0
2417
0
256
0
2421
45
0
2424
2425
971
1311
0
538
2430
0
2432
2433
461
608
1022
2437
0
264
665
2441
0
0
570
2445
342
0
1101
0
1643
1041
2452
0
0
1290
0
0
0
0
2460
2461
880
0
0
0
0
235
1221
256
2470
325
2472
0
0
2475
2251
702
0
0
0
2481
0
0
0
2485
188
2487
0
0
2490
0
957
0
2494
2495
0
0
2498
2499
0
2501
0
2503
0
880
0
0
0
0
1612
0
2512
2513
0
2515
0
80
2518
807
779
2521
0
2523
0
330
20
0
0
2529
1058
2529
2532
2533
2014
2346
0
0
2538
0
0
0
2542
0
1819
188
807
1205
2548
2549
2550
325
2552
0
702
2555
2556
0
0
2559
2363
2561
585
2563
52
0
2566
2567
0
0
807
2571
779
0
1898
292
659
1228
671
57
2580
0
0
2583
0
509
535
668
0
2589
2342
0
172
390
0
1446
2596
0
0
214
371
253
0
2603
2604
2605
0
2127
0
2609
2610
0
0
2613
0
0
751
2617
292
2619
2620
0
0
2623
0
2625
0
2627
749
0
2630
188
0
2633
0
0
2636
0
2638
2639
834
0
0
0
389
2645
2646
0
2648
2649
2650
0
0
1227
0
2655
2656
2657
0
0
1163
2661
0
20
2664
0
0
279
148
0
2670
2671
0
172
0
0
0
0
1747
0
723
0
2682
2683
2684
0
0
1819
0
0
2645
0
0
1682
0
2695
0
0
252
0
0
2701
1811
2703
2704
572
342
0
2708
0
2710
2711
0
0
0
1208
2716
1002
0
2719
521
2538
0
0
0
0
0
2727
2728
0
0
0
2732
0
140
0
0
0
2738
2739
0
2741
0
0
0
383
2746
2184
297
2749
0
0
1452
20
2754
2755
2756
0
0
2759
0
0
214
998
2764
218
289
2767
0
2769
0
2771
2727
2773
0
2775
60
2777
0
2779
0
894
0
0
1989
1991
0
0
2788
0
2790
71
163
175
2794
2795
1199
112
292
0
0
573
0
570
2804
2805
0
0
0
0
20
2811
0
2813
2814
2815
0
2817
2818
2819
0
169
0
103
2311
535
2826
189
10
2829
0
0
2832
214
2834
0
2836
0
627
0
2840
0
2842
2843
659
2845
2846
2847
0
461
1556
102
2852
2853
0
0
0
0
0
0
2008
483
2862
601
523
2865
538
2867
1989
573
1753
0
0
0
0
0
659
0
2878
2879
833
2881
0
2883
2884
0
2886
2887
2888
0
235
0
529
183
2894
0
2896
0
2898
0
390
448
0
20
977
1024
0
0
2908
0
0
0
40
2204
0
0
0
2917
2918
0
253
2921
0
2923
1311
0
0
0
0
0
0
2931
0
538
2934
0
2936
0
136
2563
0
2941
0
235
2944
0
0
2947
0
555
2950
2951
0
0
0
0
0
0
0
0
0
2961
0
512
2964
365
0
1156
2968
2969
0
48
203
2973
1469
48
2976
1598
0
751
2980
365
2982
0
2984
123
0
183
0
851
322
0
1048
2993
2994
48
0
2997
0
2999
0
1634
0
3003
3004
3005
0
3007
0
836
0
0
0
347
3014
0
20
1634
1452
0
3020
3021
3022
347
3024
3025
0
0
1994
1257
3030
0
3032
3033
0
676
3036
0
3038
371
3040
723
0
0
3044
3045
0
0
3048
3049
1857
0
0
3005
2014
0
0
0
0
1946
2445
3061
0
342
0
3065
0
2008
0
3069
0
0
0
0
3074
480
0
461
0
0
3080
3081
3082
2538
1708
2251
3086
3087
3088
3089
2202
103
3092
3093
3094
3095
3096
3097
214
1890
0
0
0
3103
2636
3105
0
627
3108
966
0
299
82
0
0
3115
1435
0
3118
3119
0
1747
3122
0
3124
3125
1293
0
0
186
0
3131
3132
3133
3134
3135
760
0
3138
132
0
2111
3142
383
0
0
389
3147
0
0
3150
371
834
3153
0
815
0
0
0
3159
3160
0
3162
2008
0
0
3166
0
792
214
1473
3171
3005
0
0
3175
0
0
1400
371
3180
3181
80
1680
0
0
0
0
3188
0
1092
0
3192
3193
3194
292
0
219
625
1245
3200
3201
0
390
0
0
0
3207
0
3209
0
0
0
3213
334
3215
3216
0
0
815
0
834
0
0
0
706
665
2259
3228
3229
0
0
3232
0
0
0
0
793
3238
1987
0
0
3242
3243
0
214
0
3247
0
3249
438
0
3252
3253
329
0
1481
0
3258
3259
3260
3261
183
509
2445
3265
2852
1322
0
3269
3270
3271
466
1650
3274
874
3276
1946
3278
0
3280
0
0
0
3284
1199
10
0
132
3289
3290
0
3292
3293
3294
0
0
3297
0
0
0
414
0
3303
0
3305
0
0
880
3309
214
0
3312
3313
3314
0
1108
0
3318
3319
0
3321
3322
3323
0
3325
203
3327
0
3329
162
0
0
3333
3334
0
3160
2122
0
0
390
3341
235
3343
3344
0
0
3347
3348
3349
3350
0
3352
0
0
0
3356
3357
3004
3359
3360
0
3362
244
0
3365
0
3367
3242
3369
1290
3371
0
0
0
3375
0
3377
371
0
0
0
296
0
3384
0
1634
1149
0
2655
3252
3391
103
512
3394
3395
523
3397
3398
297
2470
0
0
442
0
3405
3406
0
585
3409
3410
1527
0
706
0
3415
3416
1472
0
1918
2074
0
0
0
0
1898
0
535
3428
0
0
0
3432
3433
0
3435
0
3437
0
539
0
0
3442
342
0
0
3446
3086
0
3449
0
0
977
3453
3454
0
3456
3457
0
3459
3460
0
1554
0
0
0
0
1387
3468
0
3470
3471
0
3473
3474
3475
287
3477
483
3479
0
3284
3482
3483
3484
0
1994
3487
3488
3489
0
0
0
3493
3494
0
0
3038
0
2853
292
966
3502
1015
1527
0
0
3507
3508
3509
0
3511
3512
0
148
0
3516
0
0
0
3520
3521
3522
0
3524
0
3526
894
3528
0
0
0
1507
3533
585
0
834
3537
3538
0
3540
1257
0
8
0
3545
299
0
3548
3549
0
3551
0
3553
3554
0
0
0
3558
3559
659
0
390
0
1048
0
0
3567
0
1472
3570
0
0
0
0
0
1485
0
71
3579
3580
3581
3095
0
1530
0
172
0
2944
3589
0
3591
3592
3593
3594
0
416
82
0
1307
2051
3601
3602
2656
0
3605
0
0
3608
3609
0
112
3612
0
3614
0
3616
901
0
1848
0
3621
1041
0
3624
3625
1639
3627
283
0
218
3631
3632
3633
0
253
3636
3637
183
3639
337
3097
71
0
3097
2494
0
0
0
342
0
3601
0
0
3654
3655
3656
0
0
0
1791
942
3276
188
0
0
3666
0
0
236
0
3671
523
3673
3253
3675
2008
0
0
0
786
0
0
3683
0
3685
3686
3687
0
0
3097
3591
1058
3693
741
0
3696
3697
0
751
3700
3701
671
3703
0
1987
3706
148
3708
3709
148
3711
0
0
3453
0
2053
3717
241
0
0
907
199
0
2144
0
3726
3727
0
0
0
3731
3732
646
3734
0
0
3737
0
3739
0
0
3742
0
3744
1163
0
585
0
3749
0
3751
260
3753
0
371
0
0
2664
0
0
3761
3762
0
48
3765
111
535
3768
0
0
396
3772
0
2532
3775
0
3777
0
334
3780
3781
256
0
0
0
0
3787
287
1887
0
3791
148
3793
292
0
0
29
3798
0
0
2141
0
0
3804
3805
292
3807
3808
3809
0
2817
3812
0
3814
815
3816
0
3818
0
1047
3821
0
0
0
0
3826
1041
3280
0
0
253
0
2251
3834
0
0
0
0
3632
3840
0
598
3843
3844
0
3846
1124
0
0
2657
3851
0
347
0
3855
3856
3487
0
3859
3860
0
0
0
1558
140
3866
254
2764
0
1313
521
3872
0
120
3875
0
0
2347
0
1811
336
3882
0
1205
0
3886
110
0
3097
0
0
438
0
3894
3895
2749
0
214
3899
0
3901
0
0
0
3905
3537
2336
2163
0
3910
3911
3912
0
442
3915
3916
0
0
0
0
3252
0
0
0
0
2888
0
843
668
1092
3931
3932
0
3934
3935
1452
0
0
779
3502
0
0
3943
0
0
0
1999
3948
3949
0
885
555
3953
0
3955
0
3957
0
310
3960
3961
0
3963
103
20
3966
3967
442
0
3970
0
1680
3371
0
529
325
0
371
509
253
3981
3982
199
0
3985
0
0
3988
0
584
0
3992
0
0
3995
1555
3416
3998
1473
