0
1
2
3
4
5
6
7
8
9
10
11
12
13
14
11
16
17
18
19
20
21
22
23
11
25
26
27
28
29
30
31
32
33
34
35
36
37
11
39
40
41
42
43
44
45
46
11
48
49
11
51
52
11
54
55
56
57
58
11
60
61
62
63
11
65
66
67
68
11
70
71
72
11
74
75
11
77
78
79
80
81
82
11
84
85
86
87
11
89
11
91
11
93
11
95
11
97
98
99
100
101
102
103
104
11
106
107
108
109
110
111
112
11
114
115
116
117
118
11
120
121
122
123
124
125
126
127
128
129
130
131
132
133
134
135
136
137
11
139
140
141
11
143
11
145
11
147
148
149
150
151
152
153
154
155
156
157
158
159
11
161
162
163
11
165
11
167
168
169
170
11
172
173
174
175
11
177
178
179
180
11
182
183
184
185
186
187
188
189
11
191
192
193
194
195
196
197
11
199
200
201
202
203
204
205
206
11
208
11
11
211
212
213
214
11
11
217
218
219
11
221
222
223
224
225
226
227
11
229
11
11
232
233
11
235
236
11
238
239
240
241
242
243
244
245
246
247
248
249
250
11
252
253
254
255
256
11
11
259
260
261
262
263
264
265
266
267
268
269
11
271
272
11
274
275
11
277
278
279
280
281
282
283
284
285
286
287
288
289
290
291
292
293
294
11
296
297
298
299
11
301
11
11
304
305
306
11
308
309
310
311
312
313
314
315
316
317
318
11
320
321
322
11
324
325
11
327
11
329
330
331
11
333
334
11
336
337
338
339
340
341
342
11
344
11
346
347
11
349
11
11
352
353
354
11
356
357
11
11
360
361
11
363
11
365
366
367
368
369
370
371
11
373
374
11
376
11
378
11
380
11
382
383
384
385
386
387
11
389
390
391
392
393
394
11
396
397
398
399
400
11
402
403
404
405
406
11
408
409
410
411
412
413
414
415
416
417
418
419
420
421
11
423
424
425
426
11
428
11
430
431
432
433
434
435
436
11
438
11
440
11
442
11
444
445
446
11
448
449
450
451
452
11
454
455
11
457
458
459
460
461
11
463
464
465
466
467
11
469
11
471
472
473
11
11
476
11
11
479
480
481
11
483
484
485
11
11
488
11
490
491
492
493
494
495
496
497
11
499
500
501
502
503
504
505
506
507
508
509
11
511
512
513
514
515
516
11
518
519
520
521
522
523
524
525
526
527
528
529
11
531
532
533
534
535
11
11
538
539
540
541
11
543
544
545
546
547
548
549
550
551
552
553
11
555
11
557
11
559
560
561
562
563
564
565
566
567
11
569
570
571
572
573
574
575
576
577
11
11
580
581
582
583
584
585
586
587
588
589
11
591
592
593
11
595
596
597
598
11
11
601
602
603
604
605
606
607
608
11
610
611
612
613
11
615
616
617
11
619
620
621
11
623
624
625
626
627
628
629
630
631
632
633
634
635
636
637
638
639
640
641
642
643
11
645
646
647
648
649
650
11
652
11
654
655
656
657
658
659
11
11
662
663
11
665
666
667
668
669
670
671
11
673
674
675
676
677
678
679
680
11
682
11
684
685
686
687
688
689
690
691
692
693
694
695
696
11
698
11
700
701
702
703
704
11
706
707
708
709
710
711
712
713
714
715
11
717
718
719
720
721
722
723
11
725
726
727
728
729
11
731
732
733
734
735
736
737
738
11
11
741
742
11
744
11
746
747
748
749
750
751
752
753
754
755
11
757
758
759
760
761
762
763
764
765
766
767
11
11
770
771
772
773
774
775
776
777
11
779
780
781
782
783
11
785
786
787
11
789
790
791
792
793
794
11
796
11
798
11
11
801
802
803
804
805
806
807
808
809
810
811
812
813
814
815
11
817
818
11
11
11
822
823
824
825
826
827
11
829
830
11
832
833
834
835
836
837
838
839
11
841
842
843
844
845
846
847
848
849
850
851
11
11
854
855
11
857
858
859
860
861
862
863
11
865
866
867
868
869
11
871
11
11
874
875
11
11
878
879
880
881
882
883
884
885
11
11
888
889
890
11
892
893
894
895
11
897
898
899
900
901
11
903
904
905
11
907
908
11
910
911
912
913
11
11
916
917
918
919
920
921
922
923
11
925
926
11
928
929
930
931
11
933
934
935
936
11
11
939
940
11
942
943
944
945
946
947
11
949
11
11
952
953
954
11
956
957
958
959
960
11
962
963
964
965
966
967
968
969
970
971
972
973
11
975
11
977
978
979
980
981
11
11
984
985
986
987
988
989
990
11
992
993
994
995
996
997
998
999
1000
1001
1002
1003
1004
1005
11
1007
1008
1009
1010
1011
1012
1013
11
1015
1016
11
1018
11
11
1021
1022
1023
1024
1025
11
1027
1028
1029
11
1031
11
11
1034
1035
1036
1037
1038
1039
1040
1041
1042
1043
1044
1045
1046
1047
1048
1049
1050
1051
1052
11
1054
1055
1056
1057
1058
1059
1060
1061
1062
11
1064
1065
1066
11
11
1069
1070
11
11
1073
1074
1075
1076
1077
1078
11
11
1081
1082
1083
1084
1085
11
1087
1088
1089
1090
1091
1092
1093
1094
1095
1096
1097
1098
1099
1100
1101
11
11
1104
1105
1106
1107
1108
1109
1110
1111
1112
1113
1114
1115
1116
1117
11
1119
1120
1121
1122
1123
1124
1125
1126
1127
1128
1129
1130
1131
1132
1133
1134
1135
1136
1137
11
1139
1140
1141
1142
11
11
1145
1146
1147
1148
1149
11
1151
1152
11
1154
1155
1156
1157
11
1159
1160
1161
1162
1163
1164
11
1166
1167
1168
11
1170
1171
1172
1173
1174
11
11
1177
1178
1179
1180
11
1182
1183
11
1185
1186
1187
1188
1189
1190
1191
1192
1193
1194
1195
1196
1197
11
1199
1200
1201
11
11
1204
1205
1206
1207
1208
1209
1210
1211
1212
1213
1214
1215
1216
11
1218
1219
1220
1221
11
1223
1224
1225
11
1227
1228
1229
1230
1231
1232
11
11
1235
1236
11
11
1239
1240
1241
1242
1243
1244
1245
1246
1247
1248
1249
1250
1251
1252
1253
11
1255
1256
1257
1258
1259
1260
11
1262
1263
1264
11
1266
1267
1268
1269
1270
1271
1272
1273
1274
1275
1276
1277
1278
1279
1280
1281
1282
1283
1284
1285
1286
1287
1288
1289
1290
1291
1292
1293
1294
1295
1296
11
1298
11
1300
1301
1302
1303
1304
11
1306
1307
1308
1309
1310
1311
1312
1313
11
1315
11
1317
1318
1319
11
1321
1322
1323
1324
1325
1326
1327
1328
1329
11
1331
1332
11
1334
11
1336
1337
11
1339
1340
1341
11
1343
11
1345
1346
1347
11
1349
1350
11
11
1353
1354
11
1356
11
1358
1359
11
1361
1362
11
1364
1365
11
1367
1368
1369
1370
1371
1372
1373
1374
1375
1376
1377
1378
1379
1380
1381
1382
11
1384
11
1386
1387
1388
1389
1390
1391
1392
1393
1394
1395
1396
11
1398
1399
1400
1401
1402
1403
11
1405
1406
1407
1408
1409
1410
1411
1412
1413
1414
11
11
1417
1418
11
1420
11
1422
1423
1424
11
1426
1427
1428
1429
1430
1431
1432
11
1434
1435
1436
11
11
11
1440
1441
11
1443
1444
1445
1446
1447
1448
1449
11
11
1452
1453
1454
1455
1456
11
1458
1459
11
1461
1462
11
1464
1465
1466
11
1468
1469
11
1471
1472
1473
1474
1475
1476
1477
1478
1479
1480
1481
1482
1483
11
1485
1486
1487
11
11
1490
11
11
11
1494
1495
1496
1497
1498
1499
1500
11
1502
1503
11
1505
1506
1507
1508
1509
1510
1511
1512
1513
11
1515
1516
1517
11
11
1520
1521
1522
1523
1524
11
1526
1527
1528
1529
1530
1531
11
1533
1534
1535
11
1537
1538
1539
11
11
1542
1543
1544
1545
1546
1547
1548
1549
1550
1551
11
11
1554
1555
1556
1557
1558
1559
1560
1561
1562
11
1564
1565
1566
1567
1568
1569
11
1571
1572
11
1574
11
1576
1577
1578
1579
1580
1581
1582
1583
11
11
11
11
1588
1589
1590
1591
1592
1593
1594
1595
11
1597
1598
11
1600
1601
11
1603
1604
1605
1606
1607
1608
1609
1610
1611
1612
1613
1614
1615
11
1617
1618
11
11
1621
1622
1623
1624
1625
11
1627
1628
1629
1630
1631
1632
1633
1634
11
1636
1637
1638
1639
1640
1641
1642
1643
1644
1645
1646
11
1648
1649
1650
11
1652
1653
11
1655
1656
1657
1658
1659
1660
1661
1662
1663
1664
1665
1666
1667
1668
1669
1670
1671
1672
1673
1674
11
11
11
1678
1679
1680
1681
1682
11
11
1685
1686
11
1688
1689
1690
1691
1692
1693
1694
1695
1696
1697
1698
11
1700
11
1702
1703
1704
1705
11
1707
1708
1709
1710
1711
1712
1713
11
1715
1716
1717
11
1719
1720
11
1722
1723
1724
11
1726
1727
1728
11
1730
1731
1732
1733
1734
1735
1736
1737
1738
1739
1740
1741
11
1743
11
1745
1746
1747
1748
1749
1750
1751
1752
1753
1754
1755
1756
1757
1758
11
11
1761
11
11
1764
11
1766
1767
11
11
1770
1771
11
11
1774
1775
1776
1777
1778
1779
11
1781
1782
1783
1784
1785
1786
1787
1788
1789
11
1791
1792
1793
1794
1795
1796
11
11
1799
1800
1801
1802
11
1804
1805
11
1807
1808
1809
1810
1811
1812
1813
1814
1815
11
1817
1818
1819
11
1821
1822
1823
11
1825
11
1827
1828
1829
1830
1831
1832
1833
1834
1835
1836
1837
1838
1839
11
1841
1842
1843
1844
1845
1846
11
1848
11
1850
1851
1852
1853
1854
1855
1856
1857
1858
11
1860
11
1862
1863
1864
1865
1866
11
1868
1869
1870
1871
1872
1873
1874
1875
1876
1877
1878
1879
1880
1881
1882
1883
1884
11
1886
1887
1888
1889
1890
1891
1892
1893
11
11
1896
11
1898
1899
1900
1901
1902
1903
1904
1905
1906
1907
1908
1909
1910
1911
1912
1913
1914
1915
1916
1917
1918
11
11
1921
1922
1923
1924
11
1926
1927
1928
1929
1930
1931
11
11
11
11
1936
1937
1938
1939
11
1941
1942
1943
1944
1945
1946
1947
1948
1949
1950
1951
1952
1953
1954
1955
1956
1957
1958
1959
1960
1961
1962
11
1964
11
1966
11
1968
1969
1970
1971
1972
1973
1974
1975
1976
11
11
1979
11
1981
1982
1983
1984
1985
1986
1987
11
1989
1990
1991
1992
1993
1994
1995
1996
1997
1998
1999
2000
2001
2002
2003
2004
2005
2006
2007
2008
2009
2010
2011
2012
2013
2014
11
2016
2017
2018
2019
2020
2021
11
2023
2024
2025
2026
2027
2028
2029
2030
11
2032
2033
2034
11
2036
2037
2038
2039
2040
2041
2042
2043
11
2045
2046
11
11
2049
2050
2051
2052
2053
2054
2055
2056
2057
2058
2059
2060
2061
2062
2063
2064
2065
2066
2067
2068
2069
2070
2071
2072
2073
2074
11
2076
2077
2078
2079
2080
2081
2082
2083
11
2085
2086
2087
11
2089
2090
2091
2092
2093
11
11
11
11
2098
11
2100
2101
2102
2103
2104
2105
2106
11
11
11
11
2111
2112
11
11
2115
2116
2117
2118
2119
2120
11
2122
2123
2124
2125
2126
2127
11
2129
2130
2131
2132
2133
2134
2135
2136
2137
2138
11
2140
2141
2142
2143
2144
11
2146
2147
2148
2149
2150
2151
11
2153
11
2155
2156
2157
2158
2159
2160
2161
2162
2163
11
2165
2166
2167
2168
2169
2170
2171
2172
2173
11
2175
2176
2177
2178
2179
2180
2181
2182
2183
2184
11
11
2187
2188
2189
2190
2191
2192
11
2194
2195
2196
2197
2198
2199
11
2201
2202
11
2204
2205
2206
2207
2208
2209
2210
2211
11
2213
2214
2215
2216
11
11
2219
2220
2221
2222
2223
2224
2225
2226
11
2228
2229
2230
2231
2232
2233
2234
2235
11
2237
2238
2239
11
2241
2242
2243
2244
2245
2246
2247
2248
2249
2250
2251
2252
2253
2254
2255
2256
2257
2258
2259
2260
2261
2262
2263
2264
2265
2266
2267
2268
2269
2270
2271
2272
2273
2274
2275
2276
2277
11
2279
2280
11
2282
2283
2284
2285
11
2287
2288
2289
2290
11
2292
2293
2294
11
2296
11
2298
2299
2300
2301
11
2303
2304
2305
2306
11
2308
2309
2310
2311
2312
2313
2314
2315
2316
2317
2318
2319
2320
2321
2322
2323
2324
2325
2326
11
2328
2329
2330
2331
2332
11
2334
11
2336
2337
11
2339
2340
2341
2342
11
2344
2345
2346
2347
2348
2349
2350
2351
2352
2353
2354
2355
2356
2357
11
2359
11
2361
2362
2363
2364
2365
2366
2367
2368
2369
2370
2371
2372
2373
2374
2375
2376
2377
2378
2379
2380
2381
11
2383
2384
11
2386
2387
2388
2389
2390
11
2392
2393
2394
2395
2396
2397
2398
2399
2400
2401
2402
2403
2404
2405
2406
11
2408
2409
2410
11
2412
2413
2414
2415
2416
2417
2418
2419
11
2421
2422
2423
2424
2425
2426
2427
2428
2429
2430
2431
2432
2433
2434
2435
2436
2437
11
2439
2440
2441
11
2443
2444
2445
2446
11
2448
2449
2450
2451
2452
11
11
2455
2456
2457
11
2459
2460
2461
2462
2463
2464
11
11
2467
2468
2469
2470
2471
2472
11
11
2475
2476
2477
11
2479
11
2481
2482
2483
2484
2485
2486
2487
2488
11
2490
2491
2492
2493
2494
2495
11
11
2498
2499
2500
2501
2502
2503
11
2505
2506
2507
11
11
2510
11
2512
2513
2514
2515
2516
2517
2518
2519
2520
2521
11
2523
11
2525
2526
11
11
2529
2530
2531
2532
2533
2534
2535
2536
11
2538
11
2540
2541
2542
11
2544
2545
2546
2547
2548
2549
2550
2551
2552
11
2554
2555
2556
11
11
2559
2560
2561
2562
2563
2564
2565
2566
2567
2568
2569
2570
2571
2572
2573
2574
2575
2576
2577
2578
2579
2580
11
2582
2583
2584
2585
2586
2587
2588
2589
2590
2591
2592
2593
11
2595
2596
11
11
2599
2600
2601
2602
2603
2604
2605
2606
2607
11
2609
2610
2611
11
2613
2614
2615
2616
2617
2618
2619
2620
11
2622
2623
2624
2625
2626
2627
2628
11
2630
2631
2632
2633
2634
11
2636
2637
2638
2639
2640
11
11
2643
2644
2645
2646
2647
2648
2649
2650
2651
11
2653
2654
2655
2656
2657
2658
11
2660
2661
2662
2663
2664
2665
2666
2667
2668
2669
2670
2671
11
2673
2674
2675
11
2677
2678
11
2680
2681
2682
2683
2684
2685
2686
2687
11
2689
2690
2691
2692
2693
2694
2695
2696
11
2698
11
11
2701
2702
2703
2704
2705
2706
2707
2708
2709
2710
2711
11
11
2714
2715
2716
2717
11
2719
2720
2721
11
11
2724
2725
2726
2727
2728
11
11
2731
2732
11
2734
11
11
11
2738
2739
2740
2741
11
11
2744
2745
2746
2747
2748
2749
11
11
2752
2753
2754
2755
2756
2757
2758
2759
11
2761
2762
2763
2764
2765
2766
2767
2768
2769
11
2771
2772
2773
11
2775
2776
2777
2778
2779
11
2781
11
2783
2784
2785
2786
11
2788
2789
2790
2791
2792
2793
2794
2795
2796
2797
2798
11
2800
2801
11
2803
2804
2805
2806
11
11
2809
2810
2811
2812
2813
2814
2815
11
2817
2818
2819
2820
2821
11
2823
2824
2825
2826
2827
2828
2829
11
2831
2832
2833
2834
11
2836
2837
2838
2839
2840
11
2842
2843
2844
2845
2846
2847
11
2849
2850
2851
2852
2853
2854
11
2856
2857
2858
2859
2860
2861
2862
2863
2864
2865
2866
2867
2868
2869
2870
11
2872
11
2874
11
2876
2877
2878
2879
2880
2881
11
2883
2884
2885
2886
2887
2888
11
2890
11
2892
2893
2894
2895
2896
2897
2898
11
2900
2901
2902
2903
2904
2905
2906
2907
2908
2909
2910
2911
2912
2913
11
11
11
2917
2918
2919
2920
2921
11
2923
2924
11
11
11
2928
11
2930
2931
11
2933
2934
2935
2936
11
2938
2939
11
2941
2942
2943
2944
2945
11
2947
2948
2949
2950
2951
2952
11
2954
2955
2956
2957
2958
2959
2960
2961
11
2963
2964
2965
2966
2967
2968
2969
2970
2971
2972
2973
2974
2975
2976
2977
11
2979
2980
2981
2982
11
2984
2985
11
2987
2988
2989
2990
2991
2992
2993
2994
2995
11
2997
11
2999
11
3001
3002
3003
3004
3005
11
3007
11
3009
3010
3011
3012
3013
3014
3015
3016
3017
3018
3019
3020
3021
3022
3023
3024
3025
3026
3027
3028
3029
3030
11
3032
3033
3034
3035
3036
3037
3038
3039
3040
3041
11
3043
3044
3045
3046
11
3048
3049
3050
3051
11
3053
3054
3055
3056
11
3058
3059
3060
3061
3062
3063
11
3065
11
3067
11
3069
11
3071
3072
11
3074
3075
3076
3077
3078
3079
3080
3081
3082
3083
3084
3085
3086
3087
3088
3089
3090
3091
3092
3093
3094
3095
3096
3097
3098
3099
3100
3101
3102
3103
3104
3105
3106
3107
3108
3109
3110
3111
3112
3113
11
3115
3116
3117
3118
3119
11
3121
3122
3123
3124
3125
3126
3127
11
3129
11
3131
3132
3133
3134
3135
3136
3137
3138
3139
11
3141
3142
3143
3144
11
3146
3147
3148
3149
3150
3151
3152
3153
3154
3155
3156
3157
11
3159
3160
3161
3162
3163
3164
11
3166
3167
3168
3169
3170
3171
3172
3173
11
3175
11
11
3178
3179
3180
3181
3182
3183
3184
3185
3186
11
3188
3189
3190
3191
3192
3193
3194
3195
11
3197
3198
3199
3200
3201
3202
3203
3204
11
3206
3207
3208
3209
3210
3211
3212
3213
3214
3215
3216
3217
3218
3219
3220
3221
11
11
3224
3225
3226
3227
3228
3229
3230
11
3232
3233
3234
11
3236
3237
3238
3239
3240
3241
3242
3243
3244
3245
3246
3247
3248
3249
3250
11
3252
3253
3254
3255
3256
3257
3258
3259
3260
3261
3262
3263
3264
3265
3266
3267
3268
3269
3270
3271
3272
3273
3274
3275
3276
3277
3278
11
3280
11
3282
11
3284
3285
3286
3287
3288
3289
3290
3291
3292
3293
3294
11
3296
3297
3298
11
11
3301
3302
3303
11
3305
3306
3307
3308
3309
3310
3311
3312
3313
3314
3315
3316
3317
3318
3319
3320
3321
3322
3323
11
3325
3326
3327
11
3329
3330
3331
3332
3333
3334
11
3336
3337
3338
11
3340
3341
3342
3343
3344
11
11
3347
3348
3349
3350
11
3352
3353
11
3355
3356
3357
3358
3359
3360
11
3362
3363
3364
3365
3366
3367
3368
3369
3370
3371
11
3373
11
3375
3376
3377
3378
11
3380
11
3382
11
3384
11
3386
3387
3388
3389
3390
3391
3392
3393
3394
3395
3396
3397
3398
3399
3400
11
11
3403
11
3405
3406
3407
3408
3409
3410
3411
3412
3413
11
3415
3416
3417
11
3419
3420
3421
11
3423
3424
3425
11
3427
3428
3429
3430
3431
3432
3433
11
3435
11
3437
3438
3439
3440
3441
3442
3443
11
3445
3446
3447
11
3449
11
11
3452
3453
3454
11
3456
3457
11
3459
3460
3461
3462
11
3464
11
3466
3467
3468
3469
3470
3471
11
3473
3474
3475
3476
3477
3478
3479
3480
3481
3482
3483
3484
11
3486
3487
3488
3489
11
11
3492
3493
3494
3495
11
3497
3498
3499
3500
3501
3502
3503
3504
11
11
3507
3508
3509
3510
3511
3512
3513
3514
11
3516
3517
3518
11
3520
3521
3522
3523
3524
3525
3526
3527
3528
11
11
11
3532
3533
3534
11
3536
3537
3538
11
3540
3541
11
3543
3544
3545
3546
11
3548
3549
3550
3551
11
3553
3554
3555
3556
3557
3558
3559
3560
3561
3562
3563
3564
11
11
3567
3568
3569
3570
3571
3572
11
11
11
3576
3577
3578
3579
3580
3581
3582
11
3584
3585
3586
11
3588
3589
11
3591
3592
3593
3594
3595
3596
3597
3598
3599
3600
3601
3602
3603
11
3605
3606
11
3608
3609
3610
3611
3612
11
3614
3615
3616
3617
11
3619
3620
3621
3622
3623
3624
3625
3626
3627
3628
3629
3630
3631
3632
3633
3634
3635
3636
3637
3638
3639
3640
3641
3642
11
3644
3645
3646
3647
3648
3649
3650
3651
11
3653
3654
3655
3656
3657
11
11
3660
3661
3662
3663
11
3665
3666
11
3668
3669
3670
3671
3672
3673
3674
3675
3676
11
3678
3679
3680
11
11
3683
11
3685
3686
3687
11
3689
3690
3691
3692
3693
3694
11
3696
3697
11
3699
3700
3701
3702
3703
3704
3705
3706
3707
3708
3709
3710
3711
11
3713
3714
11
3716
3717
3718
3719
3720
3721
3722
11
3724
3725
3726
3727
3728
3729
11
3731
3732
3733
3734
3735
3736
3737
3738
3739
3740
3741
3742
11
3744
3745
11
3747
3748
3749
3750
3751
3752
3753
3754
3755
11
11
3758
3759
3760
3761
3762
3763
3764
3765
3766
3767
3768
3769
3770
3771
3772
11
3774
3775
3776
3777
11
3779
3780
3781
3782
3783
3784
3785
11
3787
3788
3789
3790
3791
3792
3793
3794
11
3796
3797
3798
3799
11
3801
11
11
3804
3805
3806
3807
3808
3809
3810
3811
3812
11
3814
3815
3816
11
3818
3819
3820
3821
11
11
11
11
3826
3827
3828
3829
11
3831
11
3833
3834
3835
3836
3837
11
3839
3840
11
3842
3843
3844
11
3846
3847
3848
11
3850
3851
3852
3853
11
3855
3856
3857
11
3859
3860
11
11
3863
3864
3865
3866
3867
3868
11
3870
3871
3872
3873
3874
3875
3876
3877
3878
11
3880
3881
3882
3883
3884
3885
3886
3887
3888
3889
11
11
3892
3893
3894
3895
3896
3897
3898
3899
11
3901
3902
3903
3904
3905
3906
3907
3908
11
3910
3911
3912
3913
3914
3915
3916
3917
3918
11
3920
3921
11
3923
3924
3925
3926
3927
3928
3929
3930
3931
3932
11
3934
3935
3936
3937
3938
3939
3940
11
3942
3943
3944
3945
11
3947
3948
3949
11
3951
3952
3953
3954
3955
3956
3957
11
3959
3960
3961
3962
3963
3964
3965
3966
3967
3968
11
3970
3971
3972
3973
11
3975
3976
3977
3978
3979
3980
3981
3982
3983
11
3985
3986
3987
3988
11
3990
3991
3992
11
11
3995
3996
3997
3998
3999
