7.28011 4.12311 5.09902 2
1 7.07107 9.05539 2
2.23607 2.23607 2.82843 2.23607
1 4 3.60555 -0.707107
7.61577 4.47214 5.09902 -2.12132
2.23607 5.09902 5.09902 3
2 1 3.60555 1
3.60555 1 2.82843 1
1 2.23607 1.41421 -2
5.38516 3.16228 5.09902 -0
1.41421 3 2.23607 3
4.12311 3.16228 4.24264 4
5 3.60555 3.16228 5.09902
5 1 3.16228 2.23607
1.41421 5 5.83095 -1
2.82843 1.41421 2.23607 0.707107
0 2.23607 3.16228 1
2 1.41421 1.41421 2
2.23607 0 2.23607 3.60555
2.82843 4.24264 7.81025 3
3.60555 1.41421 3.60555 1
4 1 2.23607 2.23607
2.82843 2.23607 2.82843 -2.23607
4.47214 1 3.60555 5
8.06226 6 2.23607 2.82843
3 6 3.60555 6.36396
1.41421 2.23607 2.82843 0.707107
4.47214 2.23607 2.23607 3.60555
6.40312 4.12311 3.16228 3.16228
3.16228 2.23607 3.16228 -0
1 3.16228 2.23607 2.82843
5.38516 6.7082 2.23607 2.23607
5 3.60555 4 1.41421
13.8924 11 25.9615 20
4.47214 6.7082 11.6619 6.32456
