3.16228 2.23607 5 3
3 3 2 5
6.32456 5 3 -0
4.12311 2.82843 5 -1
9.89949 6.40312 2.82843 -1
1.41421 1.41421 2 -0
2 2.23607 3.60555 1
2.82843 3.60555 4.12311 1
1 3.16228 2 -0.707107
3.60555 2 3.60555 1
2.23607 5.38516 1.41421 2
0 5 3.60555 2
1 2 2.23607 2
0 2 2.23607 2
1.41421 3.16228 1 2
2.23607 1 2 -0.707107
2.23607 3.16228 3.16228 4
3.60555 2 3.16228 -1
2.82843 1 0 0
0 1 2 3.53553
3.16228 4.47214 4.24264 4.47214
3.60555 2.23607 5.83095 0.707107
3.60555 2.23607 3.60555 -1
1 2.82843 4.47214 -0
2.23607 5.09902 4.12311 2
1.41421 5.09902 4 7.07107
0 4.12311 2.23607 -2
3 2.23607 3.16228 1.41421
2.23607 1 3.16228 0.707107
2.23607 1 3.16228 -0
0 3.16228 2 2.82843
2.23607 6.7082 3.60555 0
1.41421 5.09902 5.09902 1
10 6.40312 4.47214 21
7.81025 5.38516 5.38516 7.07107
