3.60555 2 1.41421 1
4.47214 3.16228 2.23607 3
2.23607 4.24264 1 -0.707107
4.12311 1 2.23607 -2
6.7082 6.32456 2 -1
1 1.41421 2 3
0 3 2.82843 1
1.41421 2.23607 2.23607 1
3.16228 1.41421 0 -1
4.12311 4.12311 0 2
1.41421 2 1 1
2 2.23607 2.23607 -0
1.41421 3.16228 5 3.60555
2 1 3.16228 1
1 3 4.12311 3.60555
2 0 2.82843 -1
1 1 2 3.60555
3.60555 3 1.41421 2
1.41421 0 1.41421 3.16228
1 2.82843 0 0.707107
2 1 3.60555 2.82843
0 3 2 1
3.16228 2 3.16228 -0
1 3 2.23607 -0
3.60555 1 2.23607 3.16228
2.82843 2.23607 2.23607 5
2.82843 2.82843 0 -0
5.09902 3.60555 5.65685 2.23607
2.23607 2.23607 3.16228 1.41421
1 1 2.23607 2
2.23607 4.12311 6 2
1 4.24264 3.60555 1
6.7082 3.60555 7 3
8.60233 8.60233 3 24.4131
7.2111 1 6.40312 8.06226
