3 6.08276 9.21954 2
1 1 3.16228 5.09902
4.12311 2.82843 4.24264 1
1.41421 0 1 -1
7.07107 3.60555 4.47214 -0
1 1 1.41421 2
2.23607 0 1.41421 1
1.41421 0 3 3
2.23607 3.16228 0 -0
0 2.23607 1.41421 1
5 3.16228 3.60555 2
1 2.23607 3.16228 0.707107
1.41421 1 2.23607 2
1 1 0 0.707107
2 2 2 1.41421
3.16228 3.60555 4.12311 -3.60555
3.16228 1.41421 5 -0
2.23607 4.12311 3.60555 1.41421
3.60555 5.83095 3.16228 3
1 1.41421 1.41421 2.82843
1 1 1 3
0 2.23607 2 3.16228
1 2.82843 3.60555 -1.41421
5 3.16228 2.82843 2
3.16228 1 2.23607 1.41421
1 2.23607 1 4
2.23607 0 1 -0.707107
4.47214 1.41421 1.41421 1
3 2.23607 2.82843 3
5 2.82843 2 -2
3.16228 2 3.16228 2
1 7.2111 3.60555 3.16228
1.41421 3.60555 3.16228 0
14.4222 10.2956 5 16
5 3.60555 4.47214 6.32456
