2.23607 9 5.09902 4
2.23607 1 0 2
2.23607 1.41421 3.60555 -0
1.41421 2.23607 2 1.41421
5 2.23607 2.23607 2
1 1.41421 3.60555 3
1.41421 5 4.47214 1
1 2.23607 4.47214 1
1 3.16228 3 1.41421
1 2.23607 2 2
2 2 2.82843 4
2 1 1 1
0 3 2 3.60555
4.12311 2.23607 1 0.707107
3 2 2.23607 2
1.41421 2 1 -1
3.60555 2 2.23607 2.23607
1.41421 4.12311 2 1.41421
2.82843 1 2 4
2.23607 2.82843 5.09902 4.47214
5.09902 2 4.47214 0.707107
2.82843 3.60555 2.23607 2.82843
2.23607 2.23607 4 -1
5 1 2 -0
2 1 1.41421 4
2.23607 2.82843 4.47214 4.24264
2 0 1.41421 -0
4 0 4.12311 1
3.60555 2.23607 5 1
2 2.23607 1 1
1.41421 2 1.41421 3.60555
4 1 4 1.41421
5.09902 2.23607 3 2.23607
10 10.8167 2.23607 14
6.32456 5.38516 4 5.83095
