4.12311 2.23607 2.82843 2.23607
1 2.23607 2.23607 2.23607
2 3.16228 3.60555 1.41421
2.23607 1 0 3
6.32456 2 4.12311 2.23607
1.41421 1 3.16228 4
5 5 1.41421 3.60555
4.24264 1 2.23607 3
1 2.23607 1 -0
0 1 1 2.23607
3.16228 1.41421 4.47214 5
1.41421 5.09902 2 3
3 3 5.38516 5.38516
2.23607 5 7.07107 2.23607
3.16228 2.82843 3.16228 2
4 1.41421 3.16228 -1.41421
4.12311 3.16228 2.23607 3.60555
6.40312 7.07107 1 3.60555
1 3.16228 1.41421 6
2.82843 1 3.16228 2.82843
3 2 1 4
2.23607 1.41421 0 2.82843
2 4.47214 6.08276 0.707107
1 3.60555 3.16228 3.60555
2 2.23607 3.16228 2.23607
6.40312 5.09902 4.12311 7
2 3.16228 1.41421 1.41421
4 7.07107 5 5.65685
2.82843 1 1 4.12311
1 3.16228 2.23607 2
1 1.41421 1 2.82843
1.41421 1 1 4.47214
1 1 2.82843 3
12.2066 10.6301 3 20.025
5 5.83095 2.82843 9.19239
