2.82843 10 10.198 3
1.41421 2.23607 2 2
1.41421 4.12311 3.60555 2.82843
2.82843 1 2.23607 3
2.82843 4.24264 5.83095 1
3.16228 6.7082 9.21954 5.09902
4.24264 5.09902 5.65685 5.09902
1 5 4.12311 2.82843
1.41421 2.23607 1 1.41421
1.41421 6.08276 7.07107 3
6 4 5.38516 4
4.47214 2.23607 5.83095 4
2.23607 1 2 2.23607
4.47214 5 1 4.12311
5 4.47214 3 4
3.16228 3.60555 2 1
2.23607 3.16228 2.23607 2
5.38516 3 2.23607 3
5 3.16228 2.23607 3
1 2.23607 1 1.41421
2.82843 3.16228 7 5
4.12311 1 2.23607 1.41421
2.82843 4 6 -1.41421
1 3.16228 2 2.23607
5 8.06226 5.38516 1
7.28011 2.23607 4.47214 6.32456
4.47214 1.41421 3.60555 -0.707107
3.60555 5 4 2.82843
3.16228 3.16228 4 3.60555
1 3.16228 1 3.16228
1 1 3.60555 2
4.12311 9.05539 5 2
6.08276 8.544 4.47214 2.23607
10.8167 13.3417 6.40312 19.6469
5.09902 5 4 5.65685
