3.16228 3.16228 4.12311 3
5.09902 2.23607 5 3.60555
2.23607 1.41421 2.23607 1
2 3.60555 1 3
2.23607 3.16228 5.38516 -0
2.82843 2.23607 2.23607 6
3.16228 3.60555 3.16228 4.47214
4.47214 2.23607 3 4.47214
1.41421 4.47214 6.08276 1
2 1.41421 2.82843 2
2 5 5 4
2.23607 1 1.41421 7
2.23607 1.41421 1.41421 4.12311
4.47214 4.12311 3.60555 3.60555
3.60555 2.23607 0 2
4.24264 2.82843 0 -2.82843
1 2 1.41421 2
4.12311 2.23607 2.23607 1
2 2.82843 0 1.41421
1.41421 1 2.23607 2.82843
2.82843 2.23607 0 5
1 1 1 4.47214
3.16228 4 1 -3
4.12311 1.41421 3 5.38516
6.32456 4 2 2
5 4.47214 3.16228 4
3.16228 3.60555 6 1.41421
4.24264 8.94427 6.40312 5
1.41421 2.23607 3.16228 4.47214
3 2.82843 1 -0.707107
3.60555 2 5 2.12132
3.16228 0 2 3.53553
2.82843 3.60555 5 -1
15.2643 9.84886 7.81025 20.6155
3 2.23607 3.60555 7.2111
