7 8.06226 1.41421 3
2.23607 4.12311 4.47214 4.47214
1 5.09902 6.08276 0.707107
1 7.2111 8.544 -0
6.08276 2.23607 7.07107 -0
4.12311 1.41421 6 2.82843
2.23607 6.40312 8.94427 4
2.23607 3 6.32456 1.41421
8.24621 15.2971 7.07107 -8
1.41421 1.41421 1 4
1.41421 2.82843 1 2
3 2.23607 2 2
3 4.12311 3 3
5 4.47214 2.23607 2
2.23607 4.24264 1 -0
5.83095 6.32456 5.09902 -5
1.41421 1 2.23607 3
1.41421 2.23607 1 2
1 2.23607 2.23607 2
3.16228 2.23607 1 2.23607
2 3.16228 2.23607 2.23607
1 3.16228 3.16228 1
3.60555 4.24264 1 -0
2.23607 6.08276 4.47214 4
2.23607 4 2.23607 2.82843
1.41421 0 1.41421 3
5.83095 3.60555 1 0.707107
3.60555 1.41421 5.83095 3.53553
2.82843 0 3 3.16228
3.60555 2.82843 1 0.707107
0 4.12311 3 2
5 2.23607 2.23607 3.16228
7 1.41421 4.12311 3.60555
7.07107 15.2315 8.48528 23
7.07107 5 2.82843 7.61577
