11.7047 2.23607 8.544 6
2.82843 1.41421 1 3.16228
2.23607 3.16228 3.16228 -0
1 4.12311 3.16228 1
5 5.65685 3.60555 -0.707107
2.82843 2 2.23607 3
3.60555 4.12311 2 3.16228
2 2.82843 1 3
2 2 2 -0
2.23607 3.60555 5.09902 4
4.12311 8.06226 3.60555 6
3.60555 5 6.08276 5
2 1.41421 2.82843 5
2 5.09902 2.23607 3.16228
3.16228 4.24264 4.47214 3.16228
3.60555 3.16228 1.41421 -0
1 3.16228 2 4.12311
3.60555 4.47214 1.41421 3
2.23607 6 7.2111 2
5.83095 2.82843 1.41421 6.40312
5.38516 4.12311 1.41421 6
5.38516 5.09902 3.60555 5.09902
4.24264 5 2.23607 0.707107
2.23607 1.41421 4.47214 5
4.47214 6 7.81025 2.82843
2.23607 7.07107 6 -0
2.82843 2 5.09902 2.23607
4.12311 8.544 3.60555 4.47214
5 9.05539 3.16228 3.16228
4.47214 4.24264 7.07107 1.41421
3 1 4.12311 1
2.82843 1.41421 1.41421 2
4.12311 1.41421 2.23607 -0
5.38516 6.40312 2.82843 21
2.23607 6.40312 7.07107 7.07107
