9 6.32456 2 2.82843
2.23607 1.41421 1.41421 5
1.41421 3 1 4.12311
1 4.24264 4.12311 1
1 1 1 1.41421
2 1.41421 3 2.82843
2.23607 5 8.06226 5
1 1.41421 1.41421 3
3 1 3.16228 1
0 2.82843 1.41421 3
4.12311 1 2.23607 1
2 2.23607 2.23607 2.23607
4.12311 4 2 5.09902
3.60555 4.12311 3.16228 2.82843
2.82843 4.12311 4.12311 2.23607
3 1 3.16228 3
1.41421 1 1.41421 4.47214
1.41421 0 0 2.82843
1 2.82843 1 2.23607
1 4 2.23607 -0
3.60555 1 3.60555 3.60555
2 1.41421 2.23607 2.82843
2.23607 2.23607 2.82843 2
5.83095 2.23607 2.82843 5
6.7082 2 4.47214 4.12311
2 5 1 3.16228
3.60555 2.23607 2.82843 -0
2 2 3.16228 3.53553
1 1 1.41421 1
2.23607 2.23607 3.16228 0.707107
2.23607 2.23607 3.60555 2
1.41421 3 4 2.82843
5.83095 3.16228 8.24621 1.41421
1 3 2.82843 38.2884
2.82843 4.12311 1 38.5876
