4.12311 2.23607 5.38516 2.82843
4.12311 3.60555 3 5.09902
1.41421 1 2.23607 3.60555
3.16228 2 4.24264 3.16228
3.60555 3 3.60555 1.41421
3.16228 2.23607 3 4
2.23607 1.41421 1 5
3 1 1 4.12311
1 1 1 -0
2.23607 2.23607 3.60555 5
2.23607 3.60555 2 2
3.16228 5 3.16228 2.23607
2.23607 5 4.47214 1
3.60555 8.06226 4.47214 4
3.16228 1 2 3.60555
4.12311 2.23607 3.16228 0.707107
2.82843 1.41421 3.60555 3
1 1 2.23607 2
3.16228 5.38516 4.12311 4.12311
2.23607 1.41421 2 2.23607
5 1 2.23607 2
1.41421 2 1.41421 3
4.47214 1 2 -0
2.23607 1.41421 2.23607 3.16228
4 1.41421 3.16228 4
3.60555 3 3.16228 3.16228
3.16228 3.60555 1.41421 -0
1.41421 2.23607 3 4.12311
1 2.23607 1.41421 3.60555
2.23607 3.16228 3 2.12132
1.41421 2.23607 3.60555 5.38516
2.82843 0 1 2.12132
5 2.23607 2 2.12132
3.60555 3.60555 1 2
5.38516 6.08276 3.60555 10
