5.38516 3.60555 1 4
0 2.23607 4.12311 2.82843
3.16228 1.41421 2.23607 2.82843
1 1.41421 3 1
2 3.60555 4.24264 1
4.24264 2.23607 2.23607 2.82843
3.16228 2.82843 3.16228 4
3 2.23607 1 2.82843
2.23607 0 2.23607 -0
0 4.47214 2 1
0 1.41421 1.41421 4
3.16228 4 3.16228 3
1.41421 1.41421 2 5.83095
1 2 2.23607 1
2 1.41421 1 2.82843
5 2.23607 4.47214 -2.82843
2 3.16228 3.60555 4.12311
1 2.82843 4.47214 3
2 3 3.60555 1.41421
2 3.60555 3.16228 1.41421
1 4.12311 2.82843 2.82843
0 2.23607 2 2.82843
1 3.16228 2.23607 -1.41421
1.41421 1 3 5
1.41421 2.23607 3 5
2.23607 2.82843 2.23607 4.47214
2 2.23607 1 2
3.16228 1 3.16228 7.07107
2 2.23607 3 1.41421
1 2.82843 1 0.707107
3.16228 4.12311 0 1
3.60555 4 1.41421 0.707107
4.12311 3 6 2.82843
2.23607 4.24264 5 8.48528
3.16228 3.60555 1 5.83095
