5 6.32456 11.1803 5
4.47214 5 4 5.38516
4.24264 2 4.12311 4.24264
0 3.60555 5.65685 3
5.65685 6 11.6619 1.41421
7.2111 5.38516 1 8
2.23607 1 3.60555 2
2.23607 1 2.23607 5.38516
3.60555 3.16228 5 -0
3 1.41421 1.41421 3
1.41421 5.38516 3.60555 4
4.47214 5 2.23607 4.12311
0 1.41421 1.41421 5.38516
3.16228 5.09902 3.16228 4.12311
2 4.12311 2.23607 4
1.41421 4.47214 4.24264 0.707107
4.47214 1 3.60555 5.83095
1.41421 1.41421 0 3.16228
3 2.82843 2.23607 2
1.41421 4.24264 1 2.82843
4 7.28011 1 5.83095
1 3 4.47214 4.12311
1.41421 3.60555 2.23607 2
1 0 3.60555 5.83095
3.16228 0 1 4
2 2.23607 1 1.41421
2.82843 2.82843 2 5.65685
4.12311 4.12311 3.60555 6.36396
3.16228 3.60555 1 4.47214
1.41421 2.23607 2.23607 2.82843
5 3.16228 2.23607 2.82843
1.41421 1 4.12311 2.12132
1.41421 2 4.24264 1.41421
2.23607 4.12311 2.23607 38.1838
7.07107 10.0499 4.12311 30.8707
