11 9.05539 1 4.47214
1 3.16228 2.23607 4.47214
1.41421 1.41421 4.24264 3.53553
2.23607 2.23607 1.41421 2.23607
4 6.40312 4.47214 -0
8.24621 10.198 3 8
5.65685 4.47214 4.47214 5
5 8.06226 4.12311 5
2.82843 1 1 -1
3.16228 3.16228 2.82843 5
2.23607 1 3.16228 5
1.41421 1.41421 1.41421 4.94975
2.23607 5.65685 6.40312 5
2.23607 4.24264 2.23607 3.16228
3.16228 1.41421 3.16228 3.16228
2.23607 2 5.83095 2
1.41421 1 3 5.09902
3 3.16228 3 3
5.38516 4.12311 3 5
0 3.60555 4.47214 -0
3.16228 4.47214 1 3.16228
5.09902 1 3.16228 6
2.23607 2.23607 2.82843 0.707107
2 4.12311 4.12311 5
5 3.16228 2.23607 5
2.23607 3.16228 2.23607 3.16228
4.12311 3.16228 4 4.12311
1.41421 5.83095 2.82843 6.40312
2.82843 7.61577 3.16228 6.7082
4.24264 3.60555 5.65685 -1
2.23607 1.41421 0 5
5.38516 6 9.21954 1.41421
5.09902 2 2.23607 2.82843
3.16228 5 2.23607 27.8029
5 7 4.47214 33.5261
