4 5.83095 2.82843 3
5.38516 5.09902 0 5.09902
1 1.41421 2 -2
1 2.23607 2.82843 -0
9.05539 5 2.82843 -1
3.60555 1.41421 5 3
2 3.60555 2.23607 2.82843
1 5 5 2.23607
1 2 2.23607 -0
2.23607 4.12311 2.82843 2.82843
1.41421 4.12311 2.23607 3
2 8 6.7082 4.47214
5.09902 2.23607 3.60555 1
1.41421 3.60555 2.23607 1
3 4 2.23607 2
2.23607 0 2 -0
2.23607 5.38516 2.82843 2
7.28011 6 1.41421 1
3 2.23607 4 3
2.82843 2.82843 2 2.12132
4.12311 5 3.16228 5
4.47214 7.07107 3.16228 1
1.41421 4.12311 2.23607 -0
3.16228 5.83095 4.47214 3
2.82843 1 3.60555 4
2 4.12311 2.23607 -0
2.82843 3 2.23607 1.41421
2.23607 2 3.16228 2
2.23607 2.23607 2.82843 1.41421
2.23607 1 1.41421 -1.41421
1.41421 2.23607 1 3.60555
7.2111 4.47214 4.12311 2.82843
1 4 2.23607 1.41421
3.16228 8.60233 5.83095 6
5.09902 4.12311 0 3.53553
