5.83095 2 5 3.60555
4 1 3.16228 3.16228
3 2.23607 4.47214 -0
5.83095 1.41421 8.544 -0
11.4018 9.84886 3.16228 -0.707107
1 4.24264 4.47214 1.41421
2.23607 2.23607 1 1
7.07107 8.06226 5 4.94975
1 2.23607 2.82843 -1.41421
3.16228 4 1 2.23607
3.60555 6.7082 2 2.23607
3.60555 2.82843 2.23607 1.41421
3.60555 1 2.82843 2.82843
1 3.60555 2.82843 2
4.12311 5.38516 2 1.41421
1 1 2.23607 2.23607
2.23607 2 2 -0
2 5.09902 4.47214 1.41421
1 2.82843 1 1
1.41421 0 3.16228 0.707107
2.23607 5 5.83095 4
2.23607 3.16228 3.16228 1
2.23607 2.23607 4 1
2.82843 1 1.41421 4
2.23607 5.09902 6.40312 4
1.41421 3.60555 3.16228 5
2 4 2 4.47214
4 5 3.60555 4.47214
2 1 3.16228 3
2.23607 2 3 -2
1.41421 1 3.16228 -0
1 2.82843 1 1
1.41421 5.09902 2.82843 2
3 1.41421 3.16228 2
1 4.12311 2 6.36396
