2.23607 0 2.23607 2
3 3.16228 1.41421 1.41421
2 1.41421 2.23607 -2
1 3 0 2.82843
12 7.28011 5 1
1 1.41421 4 4.12311
3 3.16228 8 4.47214
4.47214 1.41421 3.16228 5.38516
2.23607 2.23607 2.23607 -1.41421
4.12311 4.24264 3.16228 2.82843
1.41421 0 3.16228 3.60555
1 1.41421 1 3.16228
1 1.41421 3.16228 1
2 4.47214 2.23607 2
2.23607 2.23607 2 -0
4.24264 3 3 2
2 3.16228 1.41421 1.41421
2 1.41421 2.23607 1.41421
6 2.82843 4 4.12311
4 2 2.23607 3.60555
1 3.16228 4.47214 2
3 1 4.47214 -0
1.41421 0 1.41421 -1
2.82843 4.12311 6.08276 0.707107
2.82843 2.23607 4.47214 2
3.16228 2.82843 7.07107 4
2.23607 5 3.60555 1.41421
5 3 1 2.23607
1 2.23607 3 1.41421
3.60555 2.23607 5 -0.707107
0 2.23607 1 3.16228
3 3.16228 1 2.23607
2.23607 1.41421 4.12311 1.41421
6.32456 7.28011 3.60555 8.544
3.60555 4.12311 1.41421 3.53553
