4 3.60555 2.23607 3.16228
3.16228 1.41421 1 3.60555
1 2 3.16228 1.41421
5 2 3.16228 -0
12.3693 13.4164 2.23607 -3.16228
2 1.41421 3.16228 5
1 6 6.08276 2
3.60555 1.41421 3 1
3.16228 6.32456 1.41421 -0
1.41421 6.40312 3.60555 2
0 5 4 7
5.38516 5.83095 5.38516 5
2.82843 3.16228 2.23607 2
2 3 3.60555 4
2 2.82843 4.12311 1
2.23607 1.41421 2.23607 -0
4 2.23607 4.12311 1
2.82843 2.23607 1 2.23607
3.16228 2.23607 2.23607 5
1 1 1 2.23607
4.12311 1 3.16228 -0
0 3.16228 4.47214 1
3.16228 2.23607 3.16228 -1
3.16228 0 2.23607 5
3.16228 4.12311 3.16228 1
2.23607 2.23607 2.23607 2
0 2.82843 3.60555 1
3.60555 2.23607 6.08276 3.60555
1.41421 2.23607 0 2.23607
3.16228 2 1.41421 2.23607
2.23607 4.24264 1 4.12311
3.16228 4.12311 1 2
1.41421 2.23607 1.41421 3
4.47214 12.8062 12.6491 14.1421
13.0384 7.28011 6.08276 13.0384
