6.7082 6 2.82843 3
3 0 3 3.16228
2.82843 1 2.82843 0.707107
0 2 1.41421 3.16228
13.0384 11 1.41421 -1
4.12311 2 2.23607 4
3 2.23607 2.82843 4.12311
2 2 2.82843 2
3.16228 0 3.16228 2
4.12311 5.09902 2.23607 5
1.41421 4.47214 3.16228 5
2 2.23607 2 9
2 2 3.16228 4.12311
4.12311 2 6.7082 3
2.82843 0 1.41421 5
2 3.60555 6.32456 1.41421
4.12311 6.08276 1.41421 4.12311
3.60555 6.08276 5 5
5.83095 2 2.23607 3
1 3.16228 3.16228 2.12132
1.41421 2.23607 3.60555 2
2.82843 0 1.41421 2
2 3 1.41421 -0
2.23607 1 1.41421 1
4.12311 4.12311 1 1
3 4 7 2
4.12311 2 3.60555 -0
2 1 1 3.16228
4.47214 3.60555 5.83095 1.41421
4.12311 2.23607 0 -1.41421
0 3 1.41421 2.23607
2 3.60555 1 2.23607
6.32456 5.09902 3.16228 4.47214
7.07107 6.40312 2.23607 22.8035
1 1 2.23607 5.65685
