2 2.82843 2.23607 2
3 3.60555 2.82843 2.82843
2.23607 1 4.47214 2
2 4.24264 3.16228 1.41421
4.47214 5.38516 8.94427 1.41421
1 2.82843 3.16228 5
2.23607 2 1 3
2.23607 3.16228 2.23607 3.16228
2 5.09902 4.12311 3
3.16228 1 1 4
0 2.23607 2.23607 4
2 4.47214 6.32456 5.65685
2.23607 1 1 2.23607
3.16228 1 6.08276 1.41421
4 5 8.544 1
1 4.12311 5.83095 2
3 2.23607 4.47214 4.47214
3.60555 3.60555 1.41421 4
2 5.65685 5.09902 7
2 1 3.60555 2.12132
1 5 5 1.41421
1.41421 0 2.23607 1
5 4.47214 1.41421 -3
1.41421 5 6.40312 4
1 5 5.38516 5
8.06226 3 5.09902 7
4.12311 3 2.23607 1.41421
6 4.12311 2.23607 3.60555
2.82843 2.23607 5 1
3.16228 3.16228 1 -0
1 4.12311 6.7082 4.12311
2 6.7082 3.60555 2.82843
2 5 5.38516 2.82843
11 7.61577 5.09902 5.83095
4.47214 2.23607 1 17.0294
