3 5.38516 7.07107 4
2.23607 5.09902 2.82843 3
1 2.82843 1 4.12311
1.41421 2.23607 2.23607 -0
1 1 1.41421 -0
6 1.41421 4.47214 5
3 0 1.41421 3
1.41421 3.60555 2.82843 5.38516
5.09902 5 2 2
2.23607 2.82843 5 1
3.60555 1 5.65685 2.23607
2.23607 1 3.60555 3.60555
2.23607 2.23607 3 3.16228
3 4.24264 2.82843 4
2.23607 5 3 2
2.23607 2 4.12311 -2
2.23607 2.82843 3.60555 2
3.60555 6.7082 8.06226 6
4 1 3.60555 5
0 1.41421 1.41421 1.41421
7.81025 2.23607 2.82843 3.60555
1 1 1.41421 2
4.24264 2.23607 2.23607 -1
3.60555 3.16228 2.23607 1.41421
6.08276 4.47214 3.60555 3.60555
8.06226 2 5.38516 6.32456
2.23607 3.16228 4.12311 2.23607
2.82843 3 7.61577 3.60555
2.23607 2 2.23607 1
3 2.23607 3 0.707107
1.41421 3.60555 2.23607 4.47214
7.2111 4.47214 10 4.24264
3.16228 1.41421 2 3
5.65685 2.23607 7.07107 25.2389
6.40312 6.08276 4.47214 20
