5 9.05539 5 2.23607
3.16228 3.16228 2.23607 5
2 2.23607 1 1.41421
2.23607 3.60555 3.16228 2.12132
5 7.81025 10.6301 1.41421
2 2 2 5.83095
2 5.65685 5 3.60555
3.16228 2 7 6.08276
4 5.09902 2.23607 2.23607
1 1 2.82843 3
2.23607 5 4 2
6.40312 8.06226 4.47214 3.53553
1 5 5.09902 7
4.47214 2 4.47214 5
1 5.38516 5.09902 2
5.83095 3.60555 1.41421 -3
5.09902 1 2.23607 -1
5.09902 4 3.16228 1
4.47214 6.32456 2 4
2 2.82843 2.23607 1.41421
1 2.82843 1 3.60555
1 2 2.23607 5
2.82843 3 4 -1
1.41421 2.23607 3.16228 2.12132
2 2 2.82843 6
5.09902 3.60555 2.23607 4.47214
1 2.23607 2.82843 0.707107
3.16228 1 1.41421 2.82843
4.47214 8.24621 6 4
2.23607 3.16228 2.23607 2
2.82843 2 4.47214 4.24264
2.23607 2.23607 2 2.82843
2 1.41421 2.23607 4.12311
1.41421 5.65685 4.24264 13.4536
9.21954 8.60233 1 31.257
