8.24621 1 6.7082 4
6.08276 4.47214 4.47214 5
4.12311 4 1 -0
4.24264 1 3 3.16228
2.23607 3 2.23607 3.53553
1 2.82843 2.23607 3.16228
4 1.41421 5 4
5.09902 3.60555 5 4
4 2.82843 2.23607 1
5.09902 1 4.12311 1
6.08276 2.23607 7.07107 4.12311
5.38516 4.47214 8.24621 2.82843
3.16228 2.23607 2.82843 2.12132
3.16228 2.82843 3 5
3.60555 1 6.08276 4
1 1 1.41421 -0
0 2.23607 3.16228 3
1 0 2.23607 5
1.41421 3.16228 4.47214 8
1.41421 1 3.60555 0.707107
3.60555 2.23607 6.08276 3
3 1 0 4
0 1.41421 1.41421 2
3.60555 2 1 2
0 4.12311 5.09902 5
2.23607 7.81025 7.28011 5
2.23607 1.41421 3.60555 -0
3.16228 9.05539 4.12311 2.23607
2.23607 4.47214 5 0.707107
1.41421 5.65685 5 -1.41421
2 2 4.47214 3.16228
2.23607 3.16228 3.60555 2
5.09902 6.08276 3.60555 2
3.60555 5 3.60555 15.5242
3.16228 5.83095 5.09902 30.5941
