9.48683 3.16228 5.09902 4.12311
6.7082 2.23607 2.23607 6.40312
2.23607 3.60555 1.41421 2.12132
2 3 3.60555 4.94975
2 3.16228 2 3.53553
4.12311 5 1 4
0 3.16228 3.16228 4
3.16228 5 7.07107 5.83095
3 2.82843 4.24264 1
2.82843 3 1 5
1.41421 6.08276 5 3.16228
4.47214 3.60555 1.41421 4.94975
4.12311 4.47214 4.47214 3.16228
5 4.12311 0 6.08276
2 3.60555 4.12311 3.16228
1 2 3.16228 2
3.16228 2.23607 3.16228 1
4.12311 4.12311 1.41421 4
7.2111 2.82843 3.60555 13
1 2 1.41421 3.16228
1.41421 1 1 2.23607
2.23607 1 4.47214 4
1 0 1 1
3.60555 1.41421 2 3.16228
2 5.09902 4.47214 1.41421
5 5.09902 4.24264 12
1.41421 1 1.41421 1.41421
0 5 3 2.82843
2 4.47214 7.28011 1.41421
1 2.23607 2.23607 2
6.08276 2 4.47214 5.65685
4.47214 2.23607 2.23607 4.12311
1 3 4.12311 3.60555
2.23607 3.60555 5.65685 24
2.23607 1.41421 1 33.7343
