7.61577 1 7 3
4.47214 3 1 4
2 2 2 -0
2.82843 3 2 -1
5.83095 1 5.83095 -0
6.32456 2.23607 4.12311 4
1.41421 3 2 4
3 0 3 2
2.23607 1 0 -3
4.12311 5.09902 2.23607 4
6.40312 7.2111 1 3.16228
2.23607 2 4.12311 3.16228
1.41421 1 3 -0
3 2.23607 1.41421 4
2.23607 4.12311 3 4
4.12311 4.47214 3.60555 -0
1 3 2.23607 4
3 5 2.23607 4
6.08276 3.60555 1.41421 1
3.16228 5 3 2.82843
8.48528 4.47214 3 5.09902
6.7082 3.16228 4.47214 5.83095
2.23607 3.16228 1 2
3 3.16228 4.12311 2.23607
5 4.24264 2 3
5.38516 3.60555 6.7082 1
3 1 2 2.23607
4.24264 7.81025 3.60555 2
4 2.23607 2.82843 4.24264
5 3.60555 2 2.12132
1 3 1 1.41421
2.23607 1 4 1.41421
2.82843 2 3 -0.707107
12.8062 5 8.94427 6
3.16228 3.16228 5 5.83095
