3.60555 1 4.47214 5
5 4.12311 5.38516 2.82843
3.60555 5.38516 5.38516 1.41421
1 1 2 -2
7.2111 4.12311 4 1.41421
1.41421 3.16228 2.23607 4.47214
2 5.38516 4.24264 4
2.23607 4.12311 2 2
2.23607 2.23607 4.24264 2
2.23607 1.41421 1.41421 3
3.60555 2.23607 3.16228 2.23607
5.83095 2.23607 7.2111 2
1.41421 2.23607 2.82843 2
3.16228 2.23607 3.60555 4
2.23607 5.83095 6.08276 4
1.41421 3.16228 4.12311 -0
2 2 2.82843 4
7 3.16228 2.23607 5
4 2 5.09902 1
2.23607 2.23607 3.16228 2.82843
3.16228 1.41421 2 4
2.82843 2.23607 3.60555 3.60555
1 3.60555 4.12311 1
1 2 3 2.23607
7.2111 5 1 6.08276
7 4.47214 4.47214 1
0 1 2.23607 4.24264
2.23607 4.24264 6.40312 3.53553
5.65685 1.41421 3.60555 5
2.82843 1.41421 3.16228 2.82843
1 2.23607 2.23607 5
5 1 2.82843 1.41421
3 2 3.60555 2.23607
6.40312 4.47214 4 11
6.08276 2.23607 7.07107 9.89949
