18.4391 13.1529 7.28011 4.47214
1 1.41421 2.23607 3
2 1 0 -0
1 2.23607 2.82843 -0
21.4009 9.48683 14.1421 -1.41421
9 6.08276 5.09902 6
4.47214 3.60555 4.12311 5.38516
3.16228 1.41421 0 3.16228
4.24264 1.41421 1 -1
3.16228 2 1.41421 2
1 3.60555 1 4
4.12311 2 2.23607 4.47214
2 5 6.40312 -0
5 2.23607 1.41421 5
1.41421 1.41421 3.16228 3.16228
3.16228 4.12311 1.41421 1
1 2.23607 2 -0
1 1 3.16228 3
2.23607 1 2 2
2.82843 2.82843 2 2
3.16228 3.60555 2.23607 1.41421
3.16228 2.23607 2 3.16228
2 2 3.60555 -1
4 1 3.60555 2
3.16228 3 1 4
0 1.41421 3 3
8.60233 6.7082 1 2
5 4.47214 3.16228 3.60555
5.38516 4.47214 1 2.82843
5 4.47214 6 -2.23607
3.16228 3 2.82843 2.12132
6.32456 1 6.32456 2.12132
8.60233 2 5.09902 -2.82843
3.60555 2.23607 2.82843 5
6.32456 4.12311 2.23607 8.48528
