9.21954 1.41421 8.06226 5
1 2 4.47214 4.94975
4.24264 2 6.40312 1
5.38516 3.60555 3.16228 2.12132
6.7082 4 5.83095 2.82843
4.12311 4 1.41421 4.47214
5 3.60555 4.12311 5.09902
2 1.41421 4.24264 3
1 2 1.41421 -0
5.09902 2.23607 6.08276 2
2 6.08276 5.65685 3.60555
2.23607 5.83095 7.07107 4.47214
2.82843 3.60555 5 4.47214
2.82843 5 2.23607 3.60555
2 4.24264 5.09902 2.82843
2 2.23607 1 -0
1 1.41421 2.82843 3.60555
4 1.41421 1.41421 2.82843
1 1.41421 2 6.08276
1 1 1.41421 3.60555
1 4.47214 5 5
3.16228 1.41421 2.82843 6
6.7082 4.47214 2 1
2 2.23607 1 6
6.7082 7.61577 2.23607 4
5.38516 2.23607 1.41421 2.23607
2.23607 4.12311 2.23607 5.38516
5.09902 4.24264 4.24264 3.60555
1 1.41421 1 4.47214
6.08276 4.12311 2 4.47214
1.41421 3 4.24264 2
2.23607 4.24264 1.41421 4
3.16228 2.23607 3 1
7.61577 8.24621 14.3178 12
1.41421 5.65685 3.60555 8.06226
