4.47214 5 9.21954 6.08276
2 2.23607 1.41421 5.83095
1.41421 2 5 3.53553
5.83095 2.82843 3.16228 2.23607
6.7082 3.60555 6.40312 1.41421
1.41421 8 7.07107 5.83095
2.82843 3 1.41421 3.60555
3.16228 2 3.60555 3.16228
2 1 1.41421 -1
1 4.12311 2.23607 1
2.23607 3 4.47214 4.12311
5 3.60555 4.47214 7.07107
5.83095 3.16228 3.60555 6.08276
4 3.60555 1.41421 6
2.23607 2.23607 2.23607 5
2.23607 0 2.23607 1
1 2.82843 1 4.12311
1 2.82843 3.16228 1.41421
1.41421 4.24264 3.60555 4.12311
3.60555 3 3.16228 4.47214
4.12311 2.23607 3.16228 4
4.47214 4.24264 2 6
2 2.82843 2.23607 2
3.16228 2.82843 1.41421 4
1.41421 5 2.23607 2
5.38516 6.40312 2.82843 2.82843
5.38516 6.7082 3.60555 4.94975
3.16228 4.47214 2.23607 6.08276
6.7082 9.21954 6 5.38516
5 8.24621 10.4403 4.12311
2.23607 3.60555 3.16228 0
2.23607 2.23607 4.12311 1
4.12311 5 1 2
8.06226 3.16228 5 27.2029
4.47214 5.09902 5.83095 47
